0	0	none_exist
0	1	0.010032798394059787
0	2	0.016711062528836702
0	3	0.02337394191941529
0	4	0.03001531757861944
0	5	0.036629105816238634
0	6	0.043209267639294176
0	7	0.04974981824055656
0	8	0.05624483636116137
0	9	0.06268847651591615
0	10	0.06907497294174701
0	11	0.07539865487351849
0	12	0.0816539491556502
0	13	0.08783539587041493
0	14	0.09393764833500244
0	15	0.09995549006312161
0	16	0.1058838349276146
0	17	0.11171774001011575
0	18	0.1174524088804862
0	19	0.12308320265999798
0	20	0.1286056421497697
0	21	0.13401541731678568
0	22	0.139308389317794
0	23	0.14448059954173928
0	24	0.14952827484874792
0	25	0.15444782644713856
0	26	0.15923586098958
0	27	0.16388917847881324
0	28	0.16840478160033825
0	29	0.17277987239779471
0	30	0.17701185939466335
0	31	0.18109835633262364
0	32	0.1850371835523735
0	33	0.18882637440042171
0	34	0.19246416891807663
0	35	0.19594901942588086
0	36	0.1992795848234513
0	37	0.20245473945274034
0	38	0.20547355878988716
0	39	0.20833533151927008
0	40	0.21103954807856048
0	41	0.21358590237506012
0	42	0.2159742913766224
0	43	0.21820480608969955
0	44	0.22027773872933984
0	45	0.22219356241599195
0	46	0.22395294838027185
0	47	0.22555674274761053
0	48	0.22700597486450283
0	49	0.2283018461568006
0	50	0.2294457272996088
0	51	0.23043915522366715
0	52	0.2312838210614174
0	53	0.23198157110770848
0	54	0.2325343965629753
0	55	0.23294443645509025
0	56	0.2332139536156945
0	57	0.23334535072836177
0	58	0.23334114154147778
0	59	0.23320396674487523
0	60	0.23293656720534844
0	61	0.23254178850599103
0	62	0.23202257644656035
0	63	0.23138195912410292
0	64	0.23062305353933205
0	65	0.22974904768358817
0	66	0.22876319605464382
0	67	0.22766882391593202
0	68	0.22646930517504194
0	69	0.22516806240733164
0	70	0.2237685646061596
0	71	0.22227431204117623
0	72	0.22068884062592753
0	73	0.21901570280780158
0	74	0.21725847209855834
0	75	0.2154207306973447
0	76	0.21350607191609305
0	77	0.21151808200101224
0	78	0.20946034492073468
0	79	0.2073364308162324
0	80	0.20514989877670212
0	81	0.2029042798085413
0	82	0.20060308388044595
0	83	0.19824978733898632
0	84	0.19584783233989989
0	85	0.19340062063856078
0	86	0.19091151322547656
0	87	0.18838381902864534
0	88	0.18582080225212635
0	89	0.18322566441155164
0	90	0.18060155899185634
0	91	0.17795157234510015
0	92	0.17527872973109726
0	93	0.17258599086432233
0	94	0.16987624582497327
0	95	0.16715231775670944
0	96	0.16441695109247456
0	97	0.16167282421721113
0	98	0.15892253496955314
0	99	0.15616860560255919
0	100	0.15341347994125692
0	101	0.15065952378340092
0	102	0.14790902106816542
0	103	0.14516417890743244
0	104	0.14242711848682446
0	105	0.13969988586508647
0	106	0.13698444195401827
0	107	0.13428266536242206
0	108	0.13159635887255716
0	109	0.12892723920280585
0	110	0.12627694512278148
0	111	0.12364703647668095
0	112	0.121038993495629
0	113	0.11845421866370062
0	114	0.11589403521832287
0	115	0.1133596936795367
0	116	0.11085236818069931
0	117	0.1083731597307029
0	118	0.10592309420295541
0	119	0.103503130777411
0	120	0.10111415590337501
0	121	0.09875699159064004
0	122	0.09643238893795417
0	123	0.09414103817536532
0	124	0.09188356523069349
0	125	0.0896605359079967
0	126	0.08747245470232677
0	127	0.08531976978455684
0	128	0.0832028751439944
0	129	0.08112210877382936
0	130	0.07907775897817342
0	131	0.07707006187585867
0	132	0.07509920746165165
0	133	0.0731653401071205
0	134	0.07126855922355495
0	135	0.06940892407334302
0	136	0.06758645224787921
0	137	0.06580112492924994
0	138	0.06405288665511902
0	139	0.06234165012465619
0	140	0.06066729405728052
0	141	0.05902967065832784
0	142	0.05742860328192348
0	143	0.055863891068943565
0	144	0.054335309893888996
0	145	0.05284261686409385
0	146	0.051385550779197264
0	147	0.04996383694671188
0	148	0.04857718758539013
0	149	0.04722530812876969
0	150	0.04590790078941058
0	151	0.04462466753721677
0	152	0.04337532005311575
0	153	0.042159584724288074
0	154	0.040977219236620316
0	155	0.03982802809035381
0	156	0.038711896697716366
0	157	0.03762883803348305
0	158	0.0365790633150734
0	159	0.03556304721865165
0	160	0.0345815099268639
0	161	0.03363501573444864
0	162	0.03272332302760283
0	163	0.03184410622073381
1	0	none_exist
1	1	0.007552104108877517
1	2	0.012579226164674603
1	3	0.017594940129196383
1	4	0.02259470860190778
1	5	0.027574019149763217
1	6	0.0325283930348014
1	7	0.03745339082699322
1	8	0.04234462040433799
1	9	0.0471977437084952
1	10	0.05200848209117822
1	11	0.05677262668962551
1	12	0.061486040209887176
1	13	0.0661446666117338
1	14	0.07074453570760066
1	15	0.07528177109598042
1	16	0.07975259176980604
1	17	0.08415332326899624
1	18	0.08848039703599064
1	19	0.09273035998497223
1	20	0.09689987785351997
1	21	0.10098573876031496
1	22	0.1049848582698515
1	23	0.1088942833630584
1	24	0.11271119503254062
1	25	0.11643291371806738
1	26	0.12005690141070233
1	27	0.12358076323091216
1	28	0.1270022497164632
1	29	0.13031926131284916
1	30	0.1335298503681563
1	31	0.13663221885947352
1	32	0.139624723313009
1	33	0.14250587172743365
1	34	0.14527433084756325
1	35	0.14792891687843743
1	36	0.15046860504463153
1	37	0.15289252374036108
1	38	0.15519995524979596
1	39	0.15739033329430285
1	40	0.15946324476679685
1	41	0.16141842367877196
1	42	0.1632557570415319
1	43	0.16497527517209695
1	44	0.16657715082911245
1	45	0.168061701450603
1	46	0.16942938164873925
1	47	0.17068078178576712
1	48	0.17181662476880535
1	49	0.17283776264242362
1	50	0.17374517132235662
1	51	0.17453995013266244
1	52	0.17522331790628995
1	53	0.17579660385157186
1	54	0.1762612466437468
1	55	0.176618795156093
1	56	0.17687089383359592
1	57	0.17701928316492005
1	58	0.17706579841679632
1	59	0.17701235978615554
1	60	0.17686096927812525
1	61	0.17661370583612024
1	62	0.17627272381753747
1	63	0.17584023957334136
1	64	0.17531853497114844
1	65	0.17470994903495754
1	66	0.1740168746607405
1	67	0.17324174865316141
1	68	0.17238705351598524
1	69	0.17145530921354907
1	70	0.1704490667140289
1	71	0.16937091141399035
1	72	0.16822344369891867
1	73	0.16700928903915382
1	74	0.1657310868708271
1	75	0.16439148615875956
1	76	0.16299313949836988
1	77	0.1615387051678751
1	78	0.16003083512847752
1	79	0.15847217879095038
1	80	0.1568653714006362
1	81	0.15521303940629005
1	82	0.15351778623159254
1	83	0.15178219781208682
1	84	0.15000883471948556
1	85	0.14820023042438438
1	86	0.14635888679493236
1	87	0.144487275403037
1	88	0.14258782770559503
1	89	0.1406629394330325
1	90	0.1387149652588155
1	91	0.1367462151580421
1	92	0.13475895621275236
1	93	0.13275540658119953
1	94	0.13073773498845867
1	95	0.12870805902111687
1	96	0.1266684484404595
1	97	0.12462091261947009
1	98	0.1225674139056287
1	99	0.12050985194142692
1	100	0.11845007457278518
1	101	0.11638986871551246
1	102	0.11433096646307754
1	103	0.11227503876063273
1	104	0.1102236993300281
1	105	0.1081785020194472
1	106	0.10614093953492755
1	107	0.10411244940891434
1	108	0.10209440468311196
1	109	0.10008812305250335
1	110	0.0980948628337073
1	111	0.0961158222729517
1	112	0.09415214268653872
1	113	0.09220490870490365
1	114	0.09027514601494971
1	115	0.08836382716366693
1	116	0.0864718676564616
1	117	0.08460012918769062
1	118	0.08274942024326833
1	119	0.08092049678328951
1	120	0.07911406376000976
1	121	0.0773307773469251
1	122	0.0755712419559106
1	123	0.07383601704387467
1	124	0.07212561487151382
1	125	0.07044050278393954
1	126	0.0687811040360103
1	127	0.06714780125663618
1	128	0.06554093393464071
1	129	0.06396080563913069
1	130	0.06240767960241986
1	131	0.06088178560739473
1	132	0.05938331636139758
1	133	0.057912434551361136
1	134	0.05646927089789335
1	135	0.055053927379831516
1	136	0.05366647961033541
1	137	0.05230697847975813
1	138	0.05097545068349493
1	139	0.0496719054766853
1	140	0.04839633260091051
1	141	0.04714870827493032
1	142	0.045928998572107735
1	143	0.044737162296046976
1	144	0.043573157169570574
1	145	0.04243694747607989
1	146	0.04132851201093057
1	147	0.04024785720713233
1	148	0.03919504040628055
1	149	0.03817019904966772
1	150	0.037173607974434336
1	151	0.03620575936196718
1	152	0.035267461653674594
1	153	0.034359866942890914
1	154	0.03348417203072234
1	155	0.0326406480251757
1	156	0.031827600375649495
2	0	none_exist
2	1	0.005728753673559701
2	2	0.009542237137839664
2	3	0.013347201588345587
2	4	0.017140258422293556
2	5	0.020918037814228838
2	6	0.024677194117951665
2	7	0.02841441142955662
2	8	0.03212640836979228
2	9	0.03580994270047322
2	10	0.03946181829367407
2	11	0.04307888746546034
2	12	0.04665805779545959
2	13	0.050196295727044725
2	14	0.0536906319922622
2	15	0.057138164549915216
2	16	0.060536064260137655
2	17	0.06388157853231105
2	18	0.06717203460147515
2	19	0.0704048444639268
2	20	0.07357750787734636
2	21	0.0766876142396307
2	22	0.07973284850681903
2	23	0.0827109920478972
2	24	0.08561992522953753
2	25	0.0884576314907452
2	26	0.09122219889621366
2	27	0.09391182220014649
2	28	0.09652480375474154
2	29	0.0990595559445309
2	30	0.10151460354187752
2	31	0.10388858297445566
2	32	0.10618024414325831
2	33	0.10838845110725844
2	34	0.11051218253768497
2	35	0.11255053194374298
2	36	0.1145027076722081
2	37	0.11636803268390924
2	38	0.11814594411068191
2	39	0.11983599144624991
2	40	0.1214378379322309
2	41	0.1229512583839235
2	42	0.12437613672132405
2	43	0.12571246805767128
2	44	0.12696035229550182
2	45	0.12811999463086174
2	46	0.1291917072737421
2	47	0.13017589742352173
2	48	0.13107307728988543
2	49	0.13188385169954359
2	50	0.13260892044558278
2	51	0.13324907557126403
2	52	0.13380519466382798
2	53	0.1342782429657155
2	54	0.13466926644289953
2	55	0.13497939116063282
2	56	0.13520981871603088
2	57	0.13536182157341117
2	58	0.13543674352961363
2	59	0.13543599232907752
2	60	0.13536103742024339
2	61	0.13521340897278825
2	62	0.13499468906166304
2	63	0.13470651322351612
2	64	0.13435056419813055
2	65	0.13392856698119485
2	66	0.1334422877538817
2	67	0.13289353277123916
2	68	0.13228413576049458
2	69	0.13161596454886393
2	70	0.13089091108848316
2	71	0.13011088921321534
2	72	0.12927783364757922
2	73	0.12839369280685578
2	74	0.1274604291510521
2	75	0.12648001215938115
2	76	0.12545441997638287
2	77	0.12438563253837827
2	78	0.1232756261429212
2	79	0.12212637879539619
2	80	0.1209398589247937
2	81	0.11971802730930758
2	82	0.1184628342750303
2	83	0.1171762136149881
2	84	0.11586008462261527
2	85	0.11451634513364534
2	86	0.11314687367621212
2	87	0.11175352497956383
2	88	0.11033812787058146
2	89	0.10890248433007707
2	90	0.10744836754859317
2	91	0.10597751806015568
2	92	0.1044916451778685
2	93	0.10299242334396719
2	94	0.10148149363835733
2	95	0.09996045842100144
2	96	0.09843088210842757
2	97	0.09689429281865754
2	98	0.0953521756208175
2	99	0.09380597813701158
2	100	0.09225710499969793
2	101	0.09070691895826538
2	102	0.0891567402003575
2	103	0.08760784661755008
2	104	0.08606147325659383
2	105	0.08451881186988632
2	106	0.08298100896945677
2	107	0.08144916884466569
2	108	0.07992435248148946
2	109	0.07840757741344925
2	110	0.07689981692202237
2	111	0.07540200302856588
2	112	0.07391502283664621
2	113	0.07243972303472344
2	114	0.07097690919529237
2	115	0.06952734323513098
2	116	0.0680917491282141
2	117	0.06667081034632423
2	118	0.06526516958213953
2	119	0.06387543413951248
2	120	0.06250217235024992
2	121	0.06114591582146793
2	122	0.059807160937563816
2	123	0.05848637083624313
2	124	0.05718397393186863
2	125	0.05590036702688413
2	126	0.05463591707096962
2	127	0.05339095970107865
2	128	0.052165804081783645
2	129	0.05096073229386874
2	130	0.049776001270440115
2	131	0.04861184594892644
2	132	0.04746847977576459
2	133	0.046346097862705236
2	134	0.04524487931507998
2	135	0.044164990107970745
2	136	0.04310658763676616
2	137	0.042069825013638526
2	138	0.04105485628218825
2	139	0.04006184503864589
2	140	0.039090976573368845
2	141	0.038142472468667844
2	142	0.03721661996330518
2	143	0.03631381202827185
2	144	0.035434620197955895
2	145	0.034579892283002754
2	146	0.033750845627204804
2	147	0.032948994891125696
2	148	0.03217558678586165
2	149	0.0314302986962919
2	150	0.030713156776641715
3	0	none_exist
3	1	0.004380090334767879
3	2	0.007295874388439103
3	3	0.010205251350330189
3	4	0.013105672288419239
3	5	0.015994602581348858
3	6	0.018869525212234447
3	7	0.021727945529823586
3	8	0.02456739435297358
3	9	0.027385432035784616
3	10	0.03017965221284294
3	11	0.0329476854677454
3	12	0.035687202916633
3	13	0.038395920067404395
3	14	0.04107159876050414
3	15	0.04371205300499523
3	16	0.046315149094145774
3	17	0.04887881096629875
3	18	0.051401022383979214
3	19	0.05387982919875176
3	20	0.05631334295823879
3	21	0.05869974239540055
3	22	0.06103727625037185
3	23	0.06332426607742019
3	24	0.0655591071347386
3	25	0.06774027080573708
3	26	0.06986630631593754
3	27	0.07193584228376697
3	28	0.07394758881334233
3	29	0.07590033661502837
3	30	0.07779296084848429
3	31	0.07962441988221713
3	32	0.08139375590313991
3	33	0.08310009696017057
3	34	0.08474265822272221
3	35	0.08632073735041693
3	36	0.08783372096160422
3	37	0.0892810779254247
3	38	0.09066236574602231
3	39	0.0919772250674539
3	40	0.09322537981922024
3	41	0.09440664001656995
3	42	0.09552089642460752
3	43	0.09656812123909997
3	44	0.09754836876082541
3	45	0.09846177036888686
3	46	0.09930853582627458
3	47	0.10008895077247026
3	48	0.10080337501627278
3	49	0.10145224266595623
3	50	0.10203605536363503
3	51	0.10255538510044819
3	52	0.10301087215327172
3	53	0.10340321696049967
3	54	0.10373318573203354
3	55	0.10400160316490355
3	56	0.10420935000203037
3	57	0.10435736455012926
3	58	0.10444663514960051
3	59	0.10447820159496138
3	60	0.10445314950821982
3	61	0.10437261069283757
3	62	0.10423775644257392
3	63	0.10404980085226988
3	64	0.10380999109238902
3	65	0.10351961168337345
3	66	0.10317997478700515
3	67	0.10279242247900365
3	68	0.10235832500053002
3	69	0.10187907311971767
3	70	0.10135607746367555
3	71	0.1007907697653569
3	72	0.10018459438766983
3	73	0.09953900964732912
3	74	0.0988554852424345
3	75	0.09813549595124861
3	76	0.09738052490092225
3	77	0.09659205735835913
3	78	0.09577157935252381
3	79	0.09492057449201521
3	80	0.09404052631715445
3	81	0.09313290973248099
3	82	0.09219919261076785
3	83	0.09124083375784656
3	84	0.09025928095097514
3	85	0.08925596905326591
3	86	0.08823231651198098
3	87	0.08718972624319164
3	88	0.08612958393909208
3	89	0.08505325482235589
3	90	0.08396208383303658
3	91	0.08285739338853955
3	92	0.08174048129171473
3	93	0.08061262343430199
3	94	0.0794750686290114
3	95	0.07832903911742466
3	96	0.07717573029126812
3	97	0.0760163089715509
3	98	0.07485191327553468
3	99	0.07368365108487074
3	100	0.07251260075217837
3	101	0.07133981106911029
3	102	0.07016629787818833
3	103	0.06899304699654128
3	104	0.06782101297250333
3	105	0.0666511167067647
3	106	0.06548424963887298
3	107	0.06432126950852209
3	108	0.06316300326384246
3	109	0.06201024613487712
3	110	0.06086376142943771
3	111	0.05972428097205159
3	112	0.0585925061082029
3	113	0.057469106439048574
3	114	0.05635472308146995
3	115	0.05524996630471472
3	116	0.05415541712955346
3	117	0.053071628802982614
3	118	0.05199912615596949
3	119	0.05093840753678148
3	120	0.04988994561024453
3	121	0.04885418670142642
3	122	0.04783155440509455
3	123	0.04682244875363067
3	124	0.04582724948659142
3	125	0.044846315073350754
3	126	0.043879987786056354
3	127	0.04292859320623992
3	128	0.041992443022730495
3	129	0.04107183983946014
3	130	0.04016707864187037
3	131	0.03927845368520395
3	132	0.03840626331352037
3	133	0.037550819449298174
3	134	0.036712459920450226
3	135	0.03589156791207666
3	136	0.03508860438818776
3	137	0.034304157212610244
3	138	0.03353902181628416
3	139	0.03279430566831069
3	140	0.03207148783927765
3	141	0.031372237693301434
3	142	0.030697510643832183
3	143	0.030046271476215785
4	0	none_exist
4	1	0.0033762147921736676
4	2	0.005623785187545637
4	3	0.007866501543206452
4	4	0.010102433015913933
4	5	0.012329658813287053
4	6	0.014546271908857024
4	7	0.016750381432331516
4	8	0.018940116258621832
4	9	0.021113626547578482
4	10	0.023269088253993684
4	11	0.025404704189912152
4	12	0.027518708141089455
4	13	0.029609366358780496
4	14	0.03167498080495372
4	15	0.03371389105865563
4	16	0.03572447761685702
4	17	0.037705162917427405
4	18	0.03965441409385355
4	19	0.041570745461517865
4	20	0.0434527201748266
4	21	0.04529895210086761
4	22	0.047108107130059
4	23	0.048878905678959056
4	24	0.05061012382371696
4	25	0.0523005947135364
4	26	0.05394920934481964
4	27	0.05555491872003068
4	28	0.057116734971417706
4	29	0.05863373066379657
4	30	0.06010504174996455
4	31	0.06152986601437716
4	32	0.06290746589134336
4	33	0.06423716715904762
4	34	0.06551836041783861
4	35	0.0667505006695628
4	36	0.06793310604553915
4	37	0.06906576158710265
4	38	0.07014811386445438
4	39	0.07117987522481035
4	40	0.07216082142066137
4	41	0.07309079034597366
4	42	0.07396968203223299
4	43	0.07479746002917924
4	44	0.07557414555982386
4	45	0.07629982151805122
4	46	0.07697463002000442
4	47	0.07759876902489532
4	48	0.07817249326579793
4	49	0.07869611369128597
4	50	0.07916999228768364
4	51	0.07959454586244286
4	52	0.07997023994907708
4	53	0.0802975902172522
4	54	0.08057715848643288
4	55	0.08080955251156478
4	56	0.08099542341510263
4	57	0.08113546617698002
4	58	0.08123041308274123
4	59	0.08128103568675785
4	60	0.08128814286576565
4	61	0.0812525772764053
4	62	0.08117521257103692
4	63	0.0810569537208037
4	64	0.08089873420193242
4	65	0.0807015139535956
4	66	0.08046627655916393
4	67	0.08019402798405376
4	68	0.07988579530656072
4	69	0.07954262314753667
4	70	0.07916557319359148
4	71	0.07875572067175571
4	72	0.07831415314910994
4	73	0.07784197008393318
4	74	0.07734027863633369
4	75	0.07681019328397744
4	76	0.07625283321876247
4	77	0.07566932126725967
4	78	0.0750607820993053
4	79	0.0744283390505436
4	80	0.07377311531692403
4	81	0.07309623013528428
4	82	0.07239879860547276
4	83	0.07168192804496147
4	84	0.07094671929215088
4	85	0.07019426452889466
4	86	0.0694256452015749
4	87	0.06864193070502869
4	88	0.06784417843154689
4	89	0.06703343185866407
4	90	0.0662107187448729
4	91	0.06537705320325927
4	92	0.06453342954214554
4	93	0.06368082756431363
4	94	0.06282020597961518
4	95	0.061952506438987615
4	96	0.06107864902343916
4	97	0.060199535034570345
4	98	0.05931604385012747
4	99	0.05842903341219113
4	100	0.057539340676976636
4	101	0.05664777930508176
4	102	0.055755141315733184
4	103	0.05486219596357809
4	104	0.053969688728423684
4	105	0.05307834398513982
4	106	0.052188861914069844
4	107	0.051301919176624626
4	108	0.05041817148481463
4	109	0.04953825021781903
4	110	0.04866276594500024
4	111	0.04779230518095494
4	112	0.04692743471213553
4	113	0.046068698851129956
4	114	0.045216622212418046
4	115	0.04437170879989703
4	116	0.04353444371852545
4	117	0.0427052943035903
4	118	0.041884711133039265
4	119	0.04107312735249587
4	120	0.04027096427001709
4	121	0.03947862985926578
4	122	0.038696522244569945
4	123	0.037925032759012205
4	124	0.03716454967347067
4	125	0.03641546352372517
4	126	0.035678172063385256
4	127	0.03495309223260202
4	128	0.034240672513041845
4	129	0.03354141517487233
4	130	0.03285591290360859
4	131	0.032184906558123845
4	132	0.03152936839498587
4	133	0.030890598881310703
4	134	0.03027022051261715
4	135	0.02966983165150592
4	136	0.029089927149563887
4	137	0.0285294421809168
5	0	none_exist
5	1	0.0026242529874639492
5	2	0.0043712826424079886
5	3	0.006114607695322749
5	4	0.007852754343825409
5	5	0.009584256627509396
5	6	0.011307658593930958
5	7	0.01302151666764119
5	8	0.01472440204776067
5	9	0.016414902223003305
5	10	0.018091623699400653
5	11	0.01975319365316309
5	12	0.02139826227539101
5	13	0.02302550459227569
5	14	0.024633622134631227
5	15	0.026221344959942508
5	16	0.027787433971133074
5	17	0.029330681938093996
5	18	0.03084991506800633
5	19	0.03234399512632825
5	20	0.03381182100444464
5	21	0.0352523295268481
5	22	0.03666449706533717
5	23	0.03804734078688427
5	24	0.03939992057133823
5	25	0.04072133864667044
5	26	0.04201074124791561
5	27	0.04326732033841421
5	28	0.04449031324326499
5	29	0.04567900372833332
5	30	0.04683272260666979
5	31	0.04795084917119578
5	32	0.0490328098325165
5	33	0.050078079776787514
5	34	0.051086183242719234
5	35	0.05205669220027741
5	36	0.052989229349487056
5	37	0.053883464104500005
5	38	0.05473911595528671
5	39	0.05555595275811122
5	40	0.05633379041098384
5	41	0.057072492444534106
5	42	0.05777196953053214
5	43	0.0584321800326034
5	44	0.059053127148939
5	45	0.0596348609885697
5	46	0.060177475543058925
5	47	0.06068110836988764
5	48	0.06114594082986323
5	49	0.06157219535533128
5	50	0.06196013555618762
5	51	0.06231006571813364
5	52	0.0626223272552407
5	53	0.0628972998718982
5	54	0.06313540032112736
5	55	0.06333707867909917
5	56	0.06350281941245021
5	57	0.06363314000906413
5	58	0.06372858712195927
5	59	0.06378973878916584
5	60	0.06381719991110088
5	61	0.06381160198190139
5	62	0.06377360219521366
5	63	0.06370388069638608
5	64	0.06360313966326876
5	65	0.06347210298649164
5	66	0.06331151167255021
5	67	0.06312212717283096
5	68	0.06290472436046934
5	69	0.06266009364655832
5	70	0.06238903883565363
5	71	0.06209237560099459
5	72	0.061770928787070425
5	73	0.06142553271786311
5	74	0.06105702970915512
5	75	0.06066626627009598
5	76	0.0602540946292544
5	77	0.05982137072680076
5	78	0.05936895225744573
5	79	0.05889769677086437
5	80	0.05840846263991892
5	81	0.05790210494829053
5	82	0.05737947762134269
5	83	0.05684142995883672
5	84	0.05628880549110409
5	85	0.05572244355503368
5	86	0.055143174395108435
5	87	0.05455182187434898
5	88	0.05394920029566775
5	89	0.053336114990749174
5	90	0.05271335981308811
5	91	0.05208171828635193
5	92	0.051441961691882115
5	93	0.050794848740273936
5	94	0.05014112621756016
5	95	0.04948152576535952
5	96	0.04881676511844598
5	97	0.0481475492396333
5	98	0.04747456587840985
5	99	0.04679848867872097
5	100	0.046119976925846864
5	101	0.045439672685108304
5	102	0.04475820248410256
5	103	0.04407617800272786
5	104	0.04339419461225672
5	105	0.042712831274240665
5	106	0.04203265287314961
5	107	0.04135420795917388
5	108	0.0406780302162761
5	109	0.04000463902160608
5	110	0.03933453994520639
5	111	0.038668225193025325
5	112	0.03800617436167421
5	113	0.037348856899189785
5	114	0.03669673147728848
5	115	0.036050249557515034
5	116	0.035409856518187684
5	117	0.03477599462390461
5	118	0.034149107270058654
5	119	0.03352964496121792
5	120	0.032918069924329406
5	121	0.03231486879527706
5	122	0.03172056865591136
5	123	0.03113576068499098
5	124	0.03056114354785952
5	125	0.02999758702407655
5	126	0.02944621478131682
5	127	0.02890846706413172
5	128	0.028385998469969073
5	129	0.027880062565436903
5	130	0.027390415994358496
5	131	0.02692054754623698
6	0	none_exist
6	1	0.002057448386807946
6	2	0.0034271795193161186
6	3	0.004794062029506621
6	4	0.006156962427062402
6	5	0.007514753211616168
6	6	0.008866314791260653
6	7	0.010210536557597379
6	8	0.011546319316332002
6	9	0.012872576362532886
6	10	0.014188234943781677
6	11	0.015492238735945225
6	12	0.01678354822987248
6	13	0.018061142835835486
6	14	0.01932402257604188
6	15	0.020571209012391452
6	16	0.021801746746788805
6	17	0.023014704501449098
6	18	0.024209177239816197
6	19	0.025384286312099463
6	20	0.02653918124061799
6	21	0.027673040584286292
6	22	0.028785072950647073
6	23	0.02987451823121082
6	24	0.030940647941812078
6	25	0.03198276690841503
6	26	0.03300021252952124
6	27	0.033992357919911495
6	28	0.03495861007034752
6	29	0.03589841127667717
6	30	0.03681124031386598
6	31	0.03769661219322132
6	32	0.03855407811195194
6	33	0.03938322641838303
6	34	0.04018368360281694
6	35	0.040955111763683
6	36	0.041697210897137446
6	37	0.042409718937873195
6	38	0.043092410896214045
6	39	0.043745097844884846
6	40	0.044367628324991096
6	41	0.044959888538426536
6	42	0.045521799005129794
6	43	0.04605331756574292
6	44	0.046554436316211686
6	45	0.04702518372438815
6	46	0.04746562092859185
6	47	0.04787584377770664
6	48	0.04825598079612534
6	49	0.04860619242842796
6	50	0.048926671649115086
6	51	0.04921764032760052
6	52	0.0494793525775908
6	53	0.04971208865672818
6	54	0.049916159702397316
6	55	0.05009190151636684
6	56	0.05023967736534153
6	57	0.05035987550908043
6	58	0.05045290667475058
6	59	0.050519206347974493
6	60	0.05055923124596802
6	61	0.05057345866833147
6	62	0.05056238583712056
6	63	0.050526528253635655
6	64	0.05046641804715983
6	65	0.05038260570987383
6	66	0.05027565503733742
6	67	0.05014614437228744
6	68	0.04999466493749162
6	69	0.049821820134930375
6	70	0.04962822245663739
6	71	0.04941449614374783
6	72	0.04918127220135756
6	73	0.048929189166627626
6	74	0.04865889290375856
6	75	0.048371032665169456
6	76	0.04806626419356881
6	77	0.04774524443466158
6	78	0.04740863371814688
6	79	0.04705709331117979
6	80	0.046691284399319806
6	81	0.046311868429090484
6	82	0.045919505207266134
6	83	0.045514851072095235
6	84	0.04509856190657743
6	85	0.04467128695779071
6	86	0.04423367317507257
6	87	0.04378636087229647
6	88	0.04332998545167037
6	89	0.04286517530097689
6	90	0.04239255224704506
6	91	0.041912729950989866
6	92	0.04142631438331722
6	93	0.04093390346577954
6	94	0.04043608594437069
6	95	0.039933441478443604
6	96	0.039426539952913786
6	97	0.038915942323566995
6	98	0.038402199539725394
6	99	0.03788585262681148
6	100	0.03736743274967135
6	101	0.03684746161085093
6	102	0.0363264514519231
6	103	0.03580490469387159
6	104	0.03528331562466159
6	105	0.03476216958628798
6	106	0.034241945169562256
6	107	0.03372311392413899
6	108	0.033206142933944555
6	109	0.032691494928179014
6	110	0.03217963235764772
6	111	0.03167101922077283
6	112	0.031166123852484292
6	113	0.03066542815154318
6	114	0.03016943438974256
6	115	0.029678672096541583
6	116	0.029193725998127758
6	117	0.02871526078565939
6	118	0.0282440722229811
6	119	0.0277811542938557
6	120	0.027327764956321412
6	121	0.026885407818792954
6	122	0.026455536300389087
6	123	0.026038711818340908
6	124	0.025634388651358638
7	0	none_exist
7	1	0.0016275550312451663
7	2	0.002711118645893403
7	3	0.0037924749148230633
7	4	0.004870745543390061
7	5	0.005945056751720688
7	6	0.007014540722317118
7	7	0.008078336660761378
7	8	0.009135592384796973
7	9	0.010185465319129264
7	10	0.011227123656875894
7	11	0.012259747733713869
7	12	0.013282531367345522
7	13	0.014294682676008036
7	14	0.015295424983244946
7	15	0.01628399888457061
7	16	0.01725966202387327
7	17	0.018221690948074923
7	18	0.019169381968959728
7	19	0.020102051732403838
7	20	0.02101903864532109
7	21	0.021919702731632556
7	22	0.02280342780977208
7	23	0.023669621478960425
7	24	0.024517714850677715
7	25	0.025347165689350068
7	26	0.026157456249486788
7	27	0.026948095669866667
7	28	0.02771861949054087
7	29	0.028468591122024482
7	30	0.029197600628406588
7	31	0.02990526664880563
7	32	0.030591235867795344
7	33	0.03125518290821974
7	34	0.03189681166490797
7	35	0.03251585392121594
7	36	0.03311207091084995
7	37	0.033685251764938307
7	38	0.034235215355495674
7	39	0.03476180793809297
7	40	0.03526490526944094
7	41	0.03574441041847156
7	42	0.03620025483526957
7	43	0.036632397722085125
7	44	0.0370408256855242
7	45	0.03742555162401594
7	46	0.03778661606912957
7	47	0.038124084561529624
7	48	0.03843804855826803
7	49	0.038728625262657794
7	50	0.0389959551825881
7	51	0.03924020372156636
7	52	0.03946155827646583
7	53	0.03966022979589092
7	54	0.039836450555598986
7	55	0.0399904745503941
7	56	0.040122574805939414
7	57	0.04023304603919063
7	58	0.040322199224154615
7	59	0.04039036577079888
7	60	0.0404378928121089
7	61	0.040465144270385084
7	62	0.04047249920380919
7	63	0.04046035247169258
7	64	0.040429111504725154
7	65	0.04037919773076843
7	66	0.04031104372339881
7	67	0.04022509384185381
7	68	0.04012180331172746
7	69	0.04000163615100682
7	70	0.03986506541642737
7	71	0.03971257190736564
7	72	0.0395446436430914
7	73	0.03936177533807095
7	74	0.03916446599404274
7	75	0.03895322066355676
7	76	0.03872854693496373
7	77	0.03849095632451099
7	78	0.038240963033222546
7	79	0.03797908236659826
7	80	0.0377058310121909
7	81	0.03742172549251252
7	82	0.03712728280880189
7	83	0.03682301891575835
7	84	0.03650944830259178
7	85	0.03618708323093789
7	86	0.03585643368449953
7	87	0.035518007304300554
7	88	0.03517230761933453
7	89	0.03481983470198967
7	90	0.03446108510693728
7	91	0.034096550156746605
7	92	0.03372671755569792
7	93	0.03335206999997978
7	94	0.03297308544109824
7	95	0.032590237312845736
7	96	0.03220399410294764
7	97	0.031814820154760316
7	98	0.03142317548330752
7	99	0.03102951706868518
7	100	0.030634298554499756
7	101	0.030237971969807986
7	102	0.029840989285226632
7	103	0.029443802958116144
7	104	0.029046869456510003
7	105	0.028650652173858048
7	106	0.028255627026807773
7	107	0.02786228029227045
7	108	0.027471148742200767
7	109	0.027082784531225396
7	110	0.026697825651313126
7	111	0.026317013556400762
7	112	0.02594125035755368
7	113	0.02557165925974268
7	114	0.025209581358372264
7	115	0.024856401207478097
7	116	0.024512963355554314
7	117	0.024178932300183066
8	0	none_exist
8	1	0.0012995220774077107
8	2	0.002164719769046434
8	3	0.0030281937425224695
8	4	0.0038892580004489126
8	5	0.004747230133992526
8	6	0.005601432267569192
8	7	0.006451192031053754
8	8	0.0072958435900403835
8	9	0.008134728397939073
8	10	0.008967196648239868
8	11	0.009792607445047091
8	12	0.010610330412898255
8	13	0.011419746284512705
8	14	0.01222024762750595
8	15	0.01301123987471683
8	16	0.013792142153850941
8	17	0.014562387807238078
8	18	0.015321425674944286
8	19	0.016068720285688363
8	20	0.01680375232417674
8	21	0.01752602037051518
8	22	0.018235040267539988
8	23	0.018930346666346697
8	24	0.019611492892710622
8	25	0.02027805158905074
8	26	0.020929615759005985
8	27	0.021565798018779364
8	28	0.022186232356675797
8	29	0.02279057369559788
8	30	0.0233784977189985
8	31	0.02394970219984297
8	32	0.024503906806152265
8	33	0.025040852796465382
8	34	0.0255603040848061
8	35	0.02606204638138574
8	36	0.02654588770343589
8	37	0.027011658383971265
8	38	0.027459211302624915
8	39	0.027888421029124363
8	40	0.02829918475503273
8	41	0.02869142107788231
8	42	0.029065070888124607
8	43	0.02942009604592315
8	44	0.02975648051029576
8	45	0.030074228353552186
8	46	0.03037336483856764
8	47	0.030653935786374317
8	48	0.03091600689220936
8	49	0.031159662696035064
8	50	0.03138500790986144
8	51	0.03159216576186493
8	52	0.031781277177012304
8	53	0.03195250084497711
8	54	0.032106012978412174
8	55	0.032242006747001374
8	56	0.03236069075613953
8	57	0.03246228904526019
8	58	0.032547041083789634
8	59	0.032615200507002354
8	60	0.03266703414143174
8	61	0.032702823214802744
8	62	0.03272285953815791
8	63	0.03272744826552092
8	64	0.03271690499721227
8	65	0.03269155570132481
8	66	0.032651736943902526
8	67	0.032597794229046954
8	68	0.03253008096854581
8	69	0.032448959326633914
8	70	0.03235479855682279
8	71	0.03224797490239408
8	72	0.03212886994502596
8	73	0.031997871743873786
8	74	0.03185537287606403
8	75	0.0317017694270391
8	76	0.03153746302816278
8	77	0.0313628567934057
8	78	0.03117835796029253
8	79	0.030984375071237705
8	80	0.030781319084171362
8	81	0.030569602077853503
8	82	0.030349637449876024
8	83	0.030121838354407137
8	84	0.029886619350207914
8	85	0.02964439453912431
8	86	0.02939557746715866
8	87	0.02914058185324763
8	88	0.02887982087412708
8	89	0.028613707289201443
8	90	0.028342653536753228
8	91	0.02806707153153898
8	92	0.027787374583965636
8	93	0.027503975215577858
8	94	0.027217288825785522
8	95	0.02692773270471891
8	96	0.026635728649082136
8	97	0.026341704609713378
8	98	0.026046097431726464
8	99	0.025749357827899284
8	100	0.025451958124358368
8	101	0.025154365572927072
9	0	none_exist
9	1	0.0010477540798352466
9	2	0.001745351363887325
9	3	0.002441591855376386
9	4	0.003135935598799873
9	5	0.0038278453808347004
9	6	0.00451678753160805
9	7	0.00520223260807437
9	8	0.005883656328158736
9	9	0.006560540020832556
9	10	0.007232371732378773
9	11	0.007898646679674605
9	12	0.00855886798777942
9	13	0.009212547449225835
9	14	0.009859206302414443
9	15	0.010498375623082293
9	16	0.011129597011074929
9	17	0.0117524234049314
9	18	0.012366419587837643
9	19	0.01297116238277753
9	20	0.013566241890480998
9	21	0.014151261411495104
9	22	0.014725837876732444
9	23	0.015289603132421305
9	24	0.01584220310730106
9	25	0.016383299336151336
9	26	0.01691256875536204
9	27	0.01742970417900048
9	28	0.017934414256615957
9	29	0.018426424226211557
9	30	0.018905476357628456
9	31	0.019371329271712097
9	32	0.01982375899551103
9	33	0.020262558365375608
9	34	0.02068753768552265
9	35	0.02109852482089129
9	36	0.02149536463608889
9	37	0.021877920224459266
9	38	0.022246071246101874
9	39	0.022599715318197735
9	40	0.02293876687648526
9	41	0.023263158363914183
9	42	0.023572838558601948
9	43	0.023867773495855966
9	44	0.024147945826383518
9	45	0.024413355284883226
9	46	0.024664017281462242
9	47	0.024899963784770354
9	48	0.025121241837190156
9	49	0.025327914656735714
9	50	0.025520060582716022
9	51	0.025697772455610175
9	52	0.025861157711478847
9	53	0.026010337726656483
9	54	0.026145447887401294
9	55	0.02626663689987637
9	56	0.02637406582112373
9	57	0.0264679083338528
9	58	0.02654835076944618
9	59	0.02661559007908013
9	60	0.02666983509789146
9	61	0.026711304487027764
9	62	0.0267402274741258
9	63	0.026756843310460823
9	64	0.026761399946311566
9	65	0.026754153982865042
9	66	0.026735371132883472
9	67	0.026705323849425446
9	68	0.026664292546458166
9	69	0.026612564757931067
9	70	0.026550433529941443
9	71	0.026478199132379976
9	72	0.02639616642429654
9	73	0.026304646044132754
9	74	0.026203953301592243
9	75	0.0260944080834769
9	76	0.02597633425060346
9	77	0.025850059534027532
9	78	0.025715915420555676
9	79	0.025574236535176483
9	80	0.025425361248424705
9	81	0.02526963006148656
9	82	0.025107387648630037
9	83	0.02493898121070321
9	84	0.024764761249225564
9	85	0.02458508181505268
9	86	0.024400301424315103
9	87	0.02421078320792156
9	88	0.0240168957147426
9	89	0.0238190150157261
9	90	0.023617526212959667
9	91	0.023412826401363884
9	92	0.02320532876315539
9	93	0.02299547102196648
9	94	0.022783664077968675
9	95	0.022570471432664458
10	0	none_exist
10	1	0.0008534681149779295
10	2	0.0014217284575076096
10	3	0.001988912294422326
10	4	0.0025545911630421828
10	5	0.003118338770095496
10	6	0.0036797315990970275
10	7	0.004238349438386377
10	8	0.004793776113861856
10	9	0.0053455999304818
10	10	0.0058934143725425
10	11	0.006436818516937964
10	12	0.006975417742060333
10	13	0.007508824228270114
10	14	0.008036657412429806
10	15	0.008558544560820709
10	16	0.009074121268570616
10	17	0.009583031941166373
10	18	0.010084930160253814
10	19	0.010579479305917306
10	20	0.011066352790496293
10	21	0.011545234658147559
10	22	0.012015819640800311
10	23	0.012477814068778155
10	24	0.012930935401142405
10	25	0.01337491347560888
10	26	0.013809489950744434
10	27	0.014234419323431512
10	28	0.014649468380939426
10	29	0.015054417218012268
10	30	0.015449058737468614
10	31	0.01583319953032931
10	32	0.016206659129063154
10	33	0.01656927101432676
10	34	0.01692088209758343
10	35	0.01726135325523477
10	36	0.0175905588825588
10	37	0.017908387396210045
10	38	0.01821474089216403
10	39	0.018509535097589937
10	40	0.018792699840273947
10	41	0.019064178443367923
10	42	0.01932392760413952
10	43	0.019571918002373193
10	44	0.019808132849640264
10	45	0.020032569590635547
10	46	0.020245237629942948
10	47	0.02044616021972323
10	48	0.020635372294920226
10	49	0.02081292197421506
10	50	0.02097886891270381
10	51	0.021133285407887767
10	52	0.021276254690532917
10	53	0.021407872017166645
10	54	0.021528243113276405
10	55	0.0216374850511609
10	56	0.021735725273429027
10	57	0.021823101421318356
10	58	0.02189976073459109
10	59	0.02196586027872758
10	60	0.02202156632616671
10	61	0.02206705393386803
10	62	0.022102507147483498
10	63	0.02212811792639296
10	64	0.02214408590498017
10	65	0.02215061878648782
10	66	0.022147931879742434
10	67	0.02213624677603916
10	68	0.022115792358733448
10	69	0.022086804103183887
10	70	0.022049523370498977
10	71	0.02200419817759901
10	72	0.02195108204955621
10	73	0.02189043455674294
10	74	0.021822520782800114
10	75	0.021747612249273067
10	76	0.021665985724147078
10	77	0.021577924317665066
10	78	0.021483717295462827
10	79	0.021383661106378633
10	80	0.021278059744550725
10	81	0.021167226292344243
10	82	0.021051483170998142
10	83	0.02093116616655084
10	84	0.020806626279725668
10	85	0.020678235827384577
10	86	0.020546400178234274
10	87	0.02041160286673708
10	88	0.020273884823470673
11	0	none_exist
11	1	0.0007028214912003562
11	2	0.0011707945772524643
11	3	0.0016379066274461193
11	4	0.002103814967085332
11	5	0.0025681785923501676
11	6	0.0030306587016665117
11	7	0.0034909191280696012
11	8	0.003948626826453941
11	9	0.004403452422892531
11	10	0.004855070528517759
11	11	0.005303160296835294
11	12	0.005747405773187709
11	13	0.006187496360548002
11	14	0.006623127363103678
11	15	0.007054000160753191
11	16	0.007479822773615343
11	17	0.007900310183275288
11	18	0.008315184694499411
11	19	0.008724176365311758
11	20	0.009127023181311065
11	21	0.009523471441066798
11	22	0.009913276338053445
11	23	0.010296201800145628
11	24	0.010672020916938587
11	25	0.011040516392953736
11	26	0.011401480585581826
11	27	0.01175471581946847
11	28	0.01210003423650288
11	29	0.012437258760855368
11	30	0.012766222340439911
11	31	0.013086768899567659
11	32	0.013398752599870492
11	33	0.013702038927465524
11	34	0.013996504018153557
11	35	0.014282034954824859
11	36	0.01455852993856786
11	37	0.014825898169751169
11	38	0.015084060126973248
11	39	0.015332946971181594
11	40	0.015572501367406151
11	41	0.01580267639679492
11	42	0.016023436663178264
11	43	0.01623475730029638
11	44	0.016436624462866534
11	45	0.016629034728406444
11	46	0.016811995415335394
11	47	0.01698552426277331
11	48	0.017149649410966816
11	49	0.017304409207340082
11	50	0.017449851659767486
11	51	0.017586034870515237
11	52	0.017713026805854373
11	53	0.01783090436317655
11	54	0.017939754463488503
11	55	0.018039672408025606
11	56	0.01813076278458374
11	57	0.018213139174486807
11	58	0.01828692314108266
11	59	0.018352244950534776
11	60	0.01840924306619515
11	61	0.018458063979928715
11	62	0.018498861678407197
11	63	0.01853179869712614
11	64	0.01855704450396984
11	65	0.018574776534408144
11	66	0.018585179618116617
11	67	0.018588446462309855
11	68	0.018584777409178087
11	69	0.018574380713835215
11	70	0.018557472805774404
11	71	0.018534278709096623
11	72	0.018505033150398285
11	73	0.018469981100587046
11	74	0.018429379344788627
11	75	0.018383498353577214
11	76	0.018332625849617548
11	77	0.018277072025080936
11	78	0.01821718055403724
11	79	0.01815336075024933
11	80	0.018085385204598455
11	81	0.018014531787563372
12	0	none_exist
12	1	0.0005855826176210775
12	2	0.0009755078212174018
12	3	0.0013647388813631197
12	4	0.0017529995373707346
12	5	0.0021400148572328858
12	6	0.002525511658213062
12	7	0.0029092189010507573
12	8	0.003290868047784852
12	9	0.0036701934273085293
12	10	0.0040469326336439885
12	11	0.004420826853972936
12	12	0.00479162125926218
12	13	0.0051590652590775225
12	14	0.005522912970064387
12	15	0.005882923398529014
12	16	0.0062388609094384895
12	17	0.00659049542939801
12	18	0.006937602730036696
12	19	0.007279964839064635
12	20	0.00761737018501518
12	21	0.007949613841807123
12	22	0.008276497918681777
12	23	0.00859783164299723
12	24	0.008913431818666448
12	25	0.009223122614996011
12	26	0.009526736165313068
12	27	0.009824112671871832
12	28	0.010115100281690813
12	29	0.010399555694698899
12	30	0.010677343811987929
12	31	0.010948338337716173
12	32	0.011212421581060544
12	33	0.01146948452444279
12	34	0.01171942710016383
12	35	0.011962158363604238
12	36	0.012197595841647809
12	37	0.012425666691854622
12	38	0.012646306547338247
12	39	0.012859460685144304
12	40	0.013065083042783882
12	41	0.013263136649053825
12	42	0.013453593697618265
12	43	0.013636435351736087
12	44	0.01381165191861126
12	45	0.01397924222114514
12	46	0.014139214543839112
12	47	0.014291585440087042
12	48	0.014436380530724848
12	49	0.014573634086637421
12	50	0.014703389142404552
12	51	0.014825696896478726
12	52	0.01494061765249253
12	53	0.015048219774247024
12	54	0.015148580040112533
12	55	0.015241783859394845
12	56	0.015327925045815951
12	57	0.01540710572084311
12	58	0.015479436650294776
12	59	0.015545037281117127
12	60	0.015604035616329002
12	61	0.015656569276653848
12	62	0.015702784909400875
12	63	0.01574283953360454
12	64	0.015776901280681172
12	65	0.01580514996777032
12	66	0.015827779777100644
12	67	0.015845000859671
12	68	0.015857044713197363
12	69	0.015864171815952333
12	70	0.01586669154588757
12	71	0.015865028311717887
12	72	0.01585779151235912
12	73	0.01584775807485358
13	0	none_exist
13	1	0.0004941913124395517
13	2	0.0008232759593010977
13	3	0.0011517968256928098
13	4	0.0014795294930814984
13	5	0.001806250671592659
13	6	0.002131738485553954
13	7	0.0024557727702540022
13	8	0.0027781353917425426
13	9	0.003098610640362229
13	10	0.0034169852804554627
13	11	0.0037330491821550345
13	12	0.004046595271913615
13	13	0.004357420113604941
13	14	0.004665323971708826
13	15	0.00497011109331226
13	16	0.005271590202120788
13	17	0.0055695743743573705
13	18	0.00586388161180335
13	19	0.006154334932986488
13	20	0.006440762588102409
13	21	0.006722998327443294
13	22	0.007000881607207997
13	23	0.00727425771308542
13	24	0.007542978072921202
13	25	0.007806900212653999
13	26	0.00806588842801257
13	27	0.00831981318848726
13	28	0.008568551861584542
13	29	0.008811988777684241
13	30	0.009050015178060783
13	31	0.009282529387908838
13	32	0.00950943698837679
13	33	0.00973065079961717
13	34	0.009946091122280742
13	35	0.010155685890891084
13	36	0.010359370424737386
13	37	0.010557087634379203
13	38	0.010748788235937215
13	39	0.010934430760997597
13	40	0.011113981442523967
13	41	0.01128741439894704
13	42	0.011454711821788909
13	43	0.011615863495533467
13	44	0.011770867732665155
13	45	0.011919730425792776
13	46	0.012062466097039697
13	47	0.012199097372134942
13	48	0.012329655349323558
13	49	0.012454179500697252
13	50	0.012572718518754375
13	51	0.012685329611783288
13	52	0.012792080076921656
13	53	0.012893046706361173
13	54	0.012988317136882869
13	55	0.013077990733917282
13	56	0.013162179734263183
13	57	0.013241011541718223
13	58	0.013314632596012782
13	59	0.013383213983033795
13	60	0.013446964885077852
13	61	0.013506165229071772
13	62	0.013561281799295456
13	63	0.013608535774029507
13	64	0.013654075631206979
13	65	0.013695699482421692
14	0	none_exist
14	1	0.00042311530338166354
14	2	0.000704884700935522
14	3	0.0009861933474868188
14	4	0.0012668578634201513
14	5	0.001546695795254253
14	6	0.0018255258446843378
14	7	0.002103168163895238
14	8	0.00237944460432453
14	9	0.0026541789455573317
14	10	0.002927197160283934
14	11	0.0031983276594615188
14	12	0.0034674014986968847
14	13	0.003734252706673558
14	14	0.0039987184611413856
14	15	0.0042606392270301266
14	16	0.0045198592044090715
14	17	0.004776226215905706
14	18	0.005029592336644317
14	19	0.005279813647442088
14	20	0.005526750842175977
14	21	0.005770269178189339
14	22	0.00601023863386854
14	23	0.006246534296045411
14	24	0.006479036355171094
14	25	0.006707630370238183
14	26	0.0069322074150947955
14	27	0.0071526642120475666
14	28	0.007368903252557235
14	29	0.0075808330504568075
14	30	0.007788368331128279
14	31	0.007991429987650251
14	32	0.00818994539201949
14	33	0.008383848403908708
14	34	0.008573079764180655
14	35	0.008757587095253337
14	36	0.00893732513071248
14	37	0.00911225586054367
14	38	0.009282348846183069
14	39	0.009447581454710684
14	40	0.009607939183275358
14	41	0.009763416082603112
14	42	0.009914015382410128
14	43	0.010059749851972685
14	44	0.010200643135584591
14	45	0.010336730961288738
14	46	0.010468063098447417
14	47	0.010594707030365665
14	48	0.010716753664253576
14	49	0.010834329770146341
14	50	0.010947626199661704
14	51	0.011056979908873464
14	52	0.011163189014378929
14	53	0.011255795439067271
14	54	0.011350870035896507
15	0	none_exist
15	1	0.00036848584539888446
15	2	0.0006138913063507032
15	3	0.0008589195203298659
15	4	0.001103420393066273
15	5	0.0013472446127605598
15	6	0.0015902439055817043
15	7	0.0018322712603900857
15	8	0.0020731811563184156
15	9	0.002312829720149553
15	10	0.0025510750588672196
15	11	0.002787777375618184
15	12	0.003022799331478305
15	13	0.0032560060450478527
15	14	0.003487265581048422
15	15	0.0037164488518840904
15	16	0.003943430174817128
15	17	0.004168087245040729
15	18	0.004390301388386675
15	19	0.004609957875421402
15	20	0.004826946124738162
15	21	0.005041159847033392
15	22	0.005252497367518471
15	23	0.00546086186830155
15	24	0.0056661616298054746
15	25	0.0058683102702476045
15	26	0.006067227390023209
15	27	0.006262838509362215
15	28	0.006455075799117926
15	29	0.006643878764761834
15	30	0.006829194721053304
15	31	0.00701098014775801
15	32	0.007189201975319838
15	33	0.007363840238525147
15	34	0.007534891789281233
15	35	0.007702377684868485
15	36	0.007866357437720862
15	37	0.008026961270732557
15	38	0.008184472018542607
15	39	0.00833956422529382
15	40	0.008476245904659407
15	41	0.008620215795546445
16	0	none_exist
16	1	0.0003284017082007816
16	2	0.0005471354394385899
16	3	0.0007655685797033007
16	4	0.000983581909131649
16	5	0.0012010572949014572
16	6	0.0014178779922147157
16	7	0.0016339289851815375
16	8	0.0018490975073144587
16	9	0.0020632734340776107
16	10	0.002276349948124117
16	11	0.002488224293564749
16	12	0.0026987988976770144
16	13	0.0029079827451353383
16	14	0.0031156936394469473
16	15	0.0033218616479596674
16	16	0.003526434592535465
16	17	0.003729386666947508
16	18	0.003930732662738993
16	19	0.0041305472187587065