0.800 	153555.5499
0.805 	146949.2542
0.810 	140595.1908
0.815 	134483.6096
0.820 	128605.1808
0.825 	122950.9759
0.830 	117512.4496
0.835 	112281.4222
0.840 	107250.0628
0.845 	102410.874
0.850 	97756.67624
0.855 	93280.5935
0.860 	88976.03952
0.865 	84836.70458
0.870 	80856.54293
0.875 	77029.76074
0.880 	73350.80468
0.885 	69814.35094
0.890 	66415.2948
0.895 	63148.74069
0.900 	60009.99266
0.905 	56994.54531
0.910 	54098.07517
0.915 	51316.4324
0.920 	48645.633
0.925 	46081.85122
0.930 	43621.41247
0.935 	41260.78645
0.940 	38996.58068
0.945 	36825.53431
0.950 	34744.51213
0.955 	32750.49904
0.960 	30840.59461
0.965 	29012.00796
0.970 	27262.05293
0.975 	25588.14338
0.980 	23987.78879
0.985 	22458.59001
0.990 	20998.23527
0.995 	19604.49634
1.000 	18275.22486
1.005 	17008.34886
1.010 	15801.8695
1.015 	14653.85783
1.020 	13562.45185
1.025 	12525.85363
1.030 	11542.32656
1.035 	10610.19277
1.040 	9727.830664
1.045 	8893.672547
1.050 	8106.202385
1.055 	7363.953671
1.060 	6665.507384
1.065 	6009.490054
1.070 	5394.57191
1.075 	4819.465126
1.080 	4282.922141
1.085 	3783.734064
1.090 	3320.729155
1.095 	2892.771373
1.100 	2498.758997
1.105 	2137.623314
1.110 	1808.327359
1.115 	1509.86473
1.120 	1241.258441
1.125 	1001.559843
1.130 	789.8475865
1.135 	605.2266381
1.140 	446.8273381
1.145 	313.8045045
1.150 	205.3365777
1.155 	120.6248039
1.160 	58.89245669
1.165 	19.38409317
1.170 	1.364844446
1.175 	4.119737769
1.180 	26.9530491
1.185 	69.18768456
1.190 	130.1645892
1.195 	209.2421817
1.200 	305.795814
1.205 	419.2172543
1.210 	548.9141918
1.215 	694.3097632
1.220 	854.8420991
1.225 	1029.963889
1.230 	1219.141966
1.235 	1421.856904
1.240 	1637.602637
1.245 	1865.886094
1.250 	2106.226838
1.255 	2358.156735
1.260 	2621.219622
1.265 	2894.970997
1.270 	3178.977716
1.275 	3472.817701
1.280 	3776.079662
1.285 	4088.36283
1.290 	4409.276692
1.295 	4738.440742
1.300 	5075.48424
1.305 	5420.045979
1.310 	5771.774057
1.315 	6130.325658
1.320 	6495.366843
1.325 	6866.572345
1.330 	7243.625368
1.335 	7626.2174
1.340 	8014.04802
1.345 	8406.824722
1.350 	8804.26274
1.355 	9206.084874
1.360 	9612.021325
1.365 	10021.80954
1.370 	10435.19404
1.375 	10851.92628
1.380 	11271.76451
1.385 	11694.4736
1.390 	12119.82493
1.395 	12547.59623
1.400 	12977.57145
1.405 	13409.54064
1.410 	13843.29981
1.415 	14278.65082
1.420 	14715.40121
1.425 	15153.36417
1.430 	15592.35832
1.435 	16032.20766
1.440 	16472.74145
1.445 	16913.79408
1.450 	17355.20498
1.455 	17796.81849
1.460 	18238.48378
1.465 	18680.05477
1.470 	19121.38995
1.475 	19562.35237
1.480 	20002.8095
1.485 	20442.63313
1.490 	20881.6993
1.495 	21319.8882
1.500 	21757.08407
1.505 	22193.17514
1.510 	22628.05351
1.515 	23061.61507
1.520 	23493.75946
1.525 	23924.38994
1.530 	24353.4133
1.535 	24780.73985
1.540 	25206.28328
1.545 	25629.96058
1.550 	26051.69202
1.555 	26471.40103
1.560 	26889.01413
1.565 	27304.46089
1.570 	27717.67383
1.575 	28128.58834
1.580 	28537.14267
1.585 	28943.27779
1.590 	29346.93738
1.595 	29748.06775
1.600 	30146.61774
1.605 	30542.53873
1.610 	30935.78451
1.615 	31326.31126
1.620 	31714.07748
1.625 	32099.04392
1.630 	32481.17354
1.635 	32860.43145
1.640 	33236.78485
1.645 	33610.20298
1.650 	33980.65705
1.655 	34348.12023
1.660 	34712.56755
1.665 	35073.97586
1.670 	35432.32383
1.675 	35787.59182
1.680 	36139.7619
1.685 	36488.81777
1.690 	36834.74471
1.695 	37177.52957
1.700 	37517.16068
1.705 	37853.62784
1.710 	38186.92226
1.715 	38517.03653
1.720 	38843.96456
1.725 	39167.70156
1.730 	39488.24399
1.735 	39805.58954
1.740 	40119.73705
1.745 	40430.68652
1.750 	40738.43904
1.755 	41042.99676
1.760 	41344.36289
1.765 	41642.54162
1.770 	41937.53808
1.775 	42229.35838
1.780 	42518.00949
1.785 	42803.49926
1.790 	43085.83638
1.795 	43365.03035
1.800 	43641.09144
1.805 	43914.03066
1.810 	44183.85976
1.815 	44450.59117
1.820 	44714.23798
1.825 	44974.81393
1.830 	45232.33338
1.835 	45486.81125
1.840 	45738.26306
1.845 	45986.70485
1.850 	46232.15317
1.855 	46474.62508
1.860 	46714.1381
1.865 	46950.7102
1.870 	47184.3598
1.875 	47415.10569
1.880 	47642.96707
1.885 	47867.96352
1.890 	48090.11493
1.895 	48309.44157
1.900 	48525.96397
1.905 	48739.703
1.910 	48950.67978
1.915 	49158.9157
1.920 	49364.43238
1.925 	49567.25168
1.930 	49767.39569
1.935 	49964.88665
1.940 	50159.74702
1.945 	50351.99943
1.950 	50541.66665
1.955 	50728.77158
1.960 	50913.33727
1.965 	51095.38689
1.970 	51274.94369
1.975 	51452.03102
1.980 	51626.67233
1.985 	51798.8911
1.990 	51968.7109
1.995 	52136.15534
2.000 	52301.24805
2.005 	52464.01272
2.010 	52624.47302
2.015 	52782.65265
2.020 	52938.57531
2.025 	53092.2647
2.030 	53243.74446
2.035 	53393.03826
2.040 	53540.1697
2.045 	53685.16235
2.050 	53828.03973
2.055 	53968.82532
2.060 	54107.5425
2.065 	54244.21463
2.070 	54378.86497
2.075 	54511.51669
2.080 	54642.1929
2.085 	54770.9166
2.090 	54897.71069
2.095 	55022.59798
2.100 	55145.60118
2.105 	55266.74286
2.110 	55386.0455
2.115 	55503.53146
2.120 	55619.22295
2.125 	55733.14207
2.130 	55845.31079
2.135 	55955.75095
2.140 	56064.48423
2.145 	56171.53218
2.150 	56276.91622
2.155 	56380.65758
2.160 	56482.77739
2.165 	56583.29659
2.170 	56682.23598
2.175 	56779.6162
2.180 	56875.45773
2.185 	56969.78088
2.190 	57062.60581
2.195 	57153.95251
2.200 	57243.84079
2.205 	57332.29031
2.210 	57419.32054
2.215 	57504.9508
2.220 	57589.20022
2.225 	57672.08777
2.230 	57753.63222
2.235 	57833.85221
2.240 	57912.76615
2.245 	57990.39231
2.250 	58066.74878
2.255 	58141.85345
2.260 	58215.72405
2.265 	58288.37813
2.270 	58359.83305
2.275 	58430.10601
2.280 	58499.21401
2.285 	58567.17388
2.290 	58634.00227
2.295 	58699.71566
2.300 	58764.33033
2.305 	58827.86241
2.310 	58890.32782
2.315 	58951.74232
2.320 	59012.12151
2.325 	59071.48077
2.330 	59129.83533
2.335 	59187.20025
2.340 	59243.5904
2.345 	59299.02048
2.350 	59353.50502
2.355 	59407.05838
2.360 	59459.69472
2.365 	59511.42807
2.370 	59562.27226
2.375 	59612.24096
2.380 	59661.34767
2.385 	59709.60573
2.390 	59757.02829
2.395 	59803.62836
2.400 	59849.41877
2.405 	59894.4122
2.410 	59938.62114
2.415 	59982.05796
2.420 	60024.73483
2.425 	60066.66378
2.430 	60107.85668
2.435 	60148.32525
2.440 	60188.08103
2.445 	60227.13544
2.450 	60265.49972
2.455 	60303.18497
2.460 	60340.20213
2.465 	60376.56201
2.470 	60412.27526
2.475 	60447.35237
2.480 	60481.80371
2.485 	60515.63949
2.490 	60548.86979
2.495 	60581.50452
2.500 	60613.55349
2.505 	60645.02635
2.510 	60675.9326
2.515 	60706.28164
2.520 	60736.0827
2.525 	60765.3449
2.530 	60794.07721
2.535 	60822.28849
2.540 	60849.98746
2.545 	60877.18271
2.550 	60903.8827
2.555 	60930.09579
2.560 	60955.83019
2.565 	60981.094
2.570 	61005.89519
2.575 	61030.24163
2.580 	61054.14104
2.585 	61077.60106
2.590 	61100.62919
2.595 	61123.23283
2.600 	61145.41926
2.605 	61167.19565
2.610 	61188.56905
2.615 	61209.54643
2.620 	61230.13462
2.625 	61250.34037
2.630 	61270.17031
2.635 	61289.63097
2.640 	61308.72878
2.645 	61327.47007
2.650 	61345.86108
2.655 	61363.90792
2.660 	61381.61665
2.665 	61398.99319
2.670 	61416.04339
2.675 	61432.773
2.680 	61449.18769
2.685 	61465.29302
2.690 	61481.09447
2.695 	61496.59744
2.700 	61511.80722
2.705 	61526.72905
2.710 	61541.36805
2.715 	61555.72927
2.720 	61569.81768
2.725 	61583.63818
2.730 	61597.19556
2.735 	61610.49455
2.740 	61623.53981
2.745 	61636.33591
2.750 	61648.88735
2.755 	61661.19855
2.760 	61673.27386
2.765 	61685.11755
2.770 	61696.73384
2.775 	61708.12686
2.780 	61719.30067
2.785 	61730.25928
2.790 	61741.00661
2.795 	61751.54652
2.800 	61761.88283
2.805 	61772.01925
2.810 	61781.95947
2.815 	61791.70709
2.820 	61801.26565
2.825 	61810.63865
2.830 	61819.8295
2.835 	61828.84159
2.840 	61837.67821
2.845 	61846.34262
2.850 	61854.83802
2.855 	61863.16754
2.860 	61871.33428
2.865 	61879.34127
2.870 	61887.19149
2.875 	61894.88786
2.880 	61902.43327
2.885 	61909.83054
2.890 	61917.08244
2.895 	61924.19172
2.900 	61931.16104
2.905 	61937.99305
2.910 	61944.69032
2.915 	61951.2554
2.920 	61957.69079
2.925 	61963.99894
2.930 	61970.18226
2.935 	61976.2431
2.940 	61982.18381
2.945 	61988.00665
2.950 	61993.71387
2.955 	61999.30767
2.960 	62004.79021
2.965 	62010.16361
2.970 	62015.42997
2.975 	62020.59132
2.980 	62025.64967
2.985 	62030.607
2.990 	62035.46525
2.995 	62040.22632
3.000 	62044.89207
3.005 	62049.46435
3.010 	62053.94495
3.015 	62058.33563
3.020 	62062.63814
3.025 	62066.85418
3.030 	62070.98543
3.035 	62075.03351
3.040 	62079.00005
3.045 	62082.88663
3.050 	62086.69479
3.055 	62090.42607
3.060 	62094.08196
3.065 	62097.66393
3.070 	62101.17342
3.075 	62104.61184
3.080 	62107.98058
3.085 	62111.28101
3.090 	62114.51446
3.095 	62117.68224
3.100 	62120.78564
3.105 	62123.82592
3.110 	62126.80433
3.115 	62129.72208
3.120 	62132.58036
3.125 	62135.38035
3.130 	62138.1232
3.135 	62140.81002
3.140 	62143.44193
3.145 	62146.02002
3.150 	62148.54535
3.155 	62151.01895
3.160 	62153.44187
3.165 	62155.8151
3.170 	62158.13963
3.175 	62160.41643
3.180 	62162.64645
3.185 	62164.83061
3.190 	62166.96984
3.195 	62169.06502
3.200 	62171.11704
3.205 	62173.12676
3.210 	62175.09502
3.215 	62177.02265
3.220 	62178.91047
3.225 	62180.75928
3.230 	62182.56985
3.235 	62184.34295
3.240 	62186.07934
3.245 	62187.77975
3.250 	62189.44491
3.255 	62191.07553
3.260 	62192.67229
3.265 	62194.2359
3.270 	62195.76701
3.275 	62197.26628
3.280 	62198.73435
3.285 	62200.17186
3.290 	62201.57942
3.295 	62202.95764
3.300 	62204.30711
3.305 	62205.62842
3.310 	62206.92214
3.315 	62208.18883
3.320 	62209.42904
3.325 	62210.64331
3.330 	62211.83216
3.335 	62212.99612
3.340 	62214.13569
3.345 	62215.25136
3.350 	62216.34363
3.355 	62217.41298
3.360 	62218.45987
3.365 	62219.48476
3.370 	62220.4881
3.375 	62221.47034
3.380 	62222.43191
3.385 	62223.37322
3.390 	62224.2947
3.395 	62225.19676
3.400 	62226.07979
3.405 	62226.94418
3.410 	62227.79032
3.415 	62228.61859
3.420 	62229.42935
3.425 	62230.22296
3.430 	62230.99977
3.435 	62231.76015
3.440 	62232.50441
3.445 	62233.23291
3.450 	62233.94595
3.455 	62234.64387
3.460 	62235.32698
3.465 	62235.99558
3.470 	62236.64997
3.475 	62237.29045
3.480 	62237.91731
3.485 	62238.53083
3.490 	62239.13129
3.495 	62239.71896
3.500 	62240.29411
3.505 	62240.85699
3.510 	62241.40786
3.515 	62241.94698
3.520 	62242.47459
3.525 	62242.99093
3.530 	62243.49623
3.535 	62243.99072
3.540 	62244.47464
3.545 	62244.9482
3.550 	62245.41161
3.555 	62245.8651
3.560 	62246.30887
3.565 	62246.74313
3.570 	62247.16807
3.575 	62247.58388
3.580 	62247.99077
3.585 	62248.38892
3.590 	62248.7785
3.595 	62249.15972
3.600 	62249.53273
3.605 	62249.89771
3.610 	62250.25483
3.615 	62250.60426
3.620 	62250.94616
3.625 	62251.28069
3.630 	62251.608
3.635 	62251.92825
3.640 	62252.24158
3.645 	62252.54815
3.650 	62252.84809
3.655 	62253.14154
3.660 	62253.42866
3.665 	62253.70955
3.670 	62253.98437
3.675 	62254.25324
3.680 	62254.51628
3.685 	62254.77362
3.690 	62255.02538
3.695 	62255.27168
3.700 	62255.51264
3.705 	62255.74836
3.710 	62255.97896
3.715 	62256.20456
3.720 	62256.42525
3.725 	62256.64114
3.730 	62256.85233
3.735 	62257.05893
3.740 	62257.26103
3.745 	62257.45872
3.750 	62257.65211
3.755 	62257.84129
3.760 	62258.02633
3.765 	62258.20735
3.770 	62258.38441
3.775 	62258.5576
3.780 	62258.72701
3.785 	62258.89272
3.790 	62259.05481
3.795 	62259.21335
3.800 	62259.36843
3.805 	62259.52011
3.810 	62259.66847
3.815 	62259.81358
3.820 	62259.95551
3.825 	62260.09433
3.830 	62260.23011
3.835 	62260.3629
3.840 	62260.49279
3.845 	62260.61982
3.850 	62260.74406
3.855 	62260.86558
3.860 	62260.98442
3.865 	62261.10065
3.870 	62261.21433
3.875 	62261.3255
3.880 	62261.43423
3.885 	62261.54056
3.890 	62261.64455
3.895 	62261.74625
3.900 	62261.84571
3.905 	62261.94298
3.910 	62262.0381
3.915 	62262.13112
3.920 	62262.22209
3.925 	62262.31105
3.930 	62262.39804
3.935 	62262.48311
3.940 	62262.56631
3.945 	62262.64766
3.950 	62262.72721
3.955 	62262.80501
3.960 	62262.88108
3.965 	62262.95546
3.970 	62263.0282
3.975 	62263.09933
3.980 	62263.16888
3.985 	62263.23689
3.990 	62263.30339
3.995 	62263.36842
4.000 	62263.432
4.005 	62263.49417
4.010 	62263.55496
4.015 	62263.6144
4.020 	62263.67252
4.025 	62263.72935
4.030 	62263.78491
4.035 	62263.83924
4.040 	62263.89235
4.045 	62263.94429
4.050 	62263.99507
4.055 	62264.04472
4.060 	62264.09326
4.065 	62264.14072
4.070 	62264.18712
4.075 	62264.23249
4.080 	62264.27684
4.085 	62264.3202
4.090 	62264.3626
4.095 	62264.40405
4.100 	62264.44457
4.105 	62264.48419
4.110 	62264.52293
4.115 	62264.56079
4.120 	62264.59781
4.125 	62264.634
4.130 	62264.66939
4.135 	62264.70398
4.140 	62264.73779
4.145 	62264.77085
4.150 	62264.80317
4.155 	62264.83476
4.160 	62264.86564
4.165 	62264.89583
4.170 	62264.92535
4.175 	62264.9542
4.180 	62264.9824
4.185 	62265.00998
4.190 	62265.03693
4.195 	62265.06327
4.200 	62265.08903
4.205 	62265.1142
4.210 	62265.13881
4.215 	62265.16287
4.220 	62265.18638
4.225 	62265.20937
4.230 	62265.23183
4.235 	62265.2538
4.240 	62265.27526
4.245 	62265.29625
4.250 	62265.31676
4.255 	62265.3368
4.260 	62265.3564
4.265 	62265.37555
4.270 	62265.39427
4.275 	62265.41257
4.280 	62265.43046
4.285 	62265.44794
4.290 	62265.46503
4.295 	62265.48173
4.300 	62265.49805
4.305 	62265.51401
4.310 	62265.5296
4.315 	62265.54484
4.320 	62265.55974
4.325 	62265.5743
4.330 	62265.58853
4.335 	62265.60243
4.340 	62265.61603
4.345 	62265.62931
4.350 	62265.64229
4.355 	62265.65498
4.360 	62265.66738
4.365 	62265.6795
4.370 	62265.69135
4.375 	62265.70292
4.380 	62265.71424
4.385 	62265.72529
4.390 	62265.7361
4.395 	62265.74666
4.400 	62265.75698
4.405 	62265.76707
4.410 	62265.77692
4.415 	62265.78655
4.420 	62265.79597
4.425 	62265.80517
4.430 	62265.81415
4.435 	62265.82294
4.440 	62265.83152
4.445 	62265.83991
4.450 	62265.84811
4.455 	62265.85612
4.460 	62265.86395
4.465 	62265.8716
4.470 	62265.87908
4.475 	62265.88638
4.480 	62265.89352
4.485 	62265.9005
4.490 	62265.90731
4.495 	62265.91398
4.500 	62265.92048
4.505 	62265.92685
4.510 	62265.93306
4.515 	62265.93913
4.520 	62265.94507
4.525 	62265.95087
4.530 	62265.95653
4.535 	62265.96207
4.540 	62265.96748
4.545 	62265.97276
4.550 	62265.97793
4.555 	62265.98297
4.560 	62265.9879
4.565 	62265.99272
4.570 	62265.99743
4.575 	62266.00203
4.580 	62266.00652
4.585 	62266.01091
4.590 	62266.01521
4.595 	62266.0194
4.600 	62266.02349
4.605 	62266.0275
4.610 	62266.03141
4.615 	62266.03523
4.620 	62266.03896
4.625 	62266.0426
4.630 	62266.04617
4.635 	62266.04965
4.640 	62266.05305
4.645 	62266.05637
4.650 	62266.05962
4.655 	62266.06279
4.660 	62266.06589
4.665 	62266.06892
4.670 	62266.07188
4.675 	62266.07477
4.680 	62266.07759
4.685 	62266.08035
4.690 	62266.08304
4.695 	62266.08567
4.700 	62266.08825
4.705 	62266.09076
4.710 	62266.09321
4.715 	62266.09561
4.720 	62266.09795
4.725 	62266.10024
4.730 	62266.10248
4.735 	62266.10466
4.740 	62266.1068
4.745 	62266.10888
4.750 	62266.11092
4.755 	62266.11291
4.760 	62266.11485
4.765 	62266.11675
4.770 	62266.1186
4.775 	62266.12042
4.780 	62266.12219
4.785 	62266.12391
4.790 	62266.1256
4.795 	62266.12725
4.800 	62266.12887
4.805 	62266.13044
4.810 	62266.13198
4.815 	62266.13348
4.820 	62266.13495
4.825 	62266.13638
4.830 	62266.13778
4.835 	62266.13915
4.840 	62266.14049
4.845 	62266.14179
4.850 	62266.14307
4.855 	62266.14431
4.860 	62266.14553
4.865 	62266.14672
4.870 	62266.14788
4.875 	62266.14901
4.880 	62266.15012
4.885 	62266.1512
4.890 	62266.15226
4.895 	62266.15329
4.900 	62266.15429
4.905 	62266.15528
4.910 	62266.15624
4.915 	62266.15718
4.920 	62266.1581
4.925 	62266.15899
4.930 	62266.15987
4.935 	62266.16072
4.940 	62266.16156
4.945 	62266.16238
4.950 	62266.16317
4.955 	62266.16395
4.960 	62266.16471
4.965 	62266.16545
4.970 	62266.16618
4.975 	62266.16689
4.980 	62266.16758
4.985 	62266.16825
4.990 	62266.16891
4.995 	62266.16956
5.000 	62266.17019
5.005 	62266.1708
5.010 	62266.1714
5.015 	62266.17199
5.020 	62266.17256
5.025 	62266.17312
5.030 	62266.17366
5.035 	62266.1742
5.040 	62266.17472
5.045 	62266.17523
5.050 	62266.17572
5.055 	62266.17621
5.060 	62266.17668
5.065 	62266.17715
5.070 	62266.1776
5.075 	62266.17804
5.080 	62266.17847
5.085 	62266.17889
5.090 	62266.1793
5.095 	62266.1797
5.100 	62266.1801
5.105 	62266.18048
5.110 	62266.18085
5.115 	62266.18122
5.120 	62266.18158
5.125 	62266.18192
5.130 	62266.18226
5.135 	62266.1826
5.140 	62266.18292
5.145 	62266.18324
5.150 	62266.18355
5.155 	62266.18385
5.160 	62266.18414
5.165 	62266.18443
5.170 	62266.18471
5.175 	62266.18499
5.180 	62266.18526
5.185 	62266.18552
5.190 	62266.18577
5.195 	62266.18602
5.200 	62266.18627
5.205 	62266.18651
5.210 	62266.18674
5.215 	62266.18697
5.220 	62266.18719
5.225 	62266.18741
5.230 	62266.18762
5.235 	62266.18782
5.240 	62266.18803
5.245 	62266.18822
5.250 	62266.18841
5.255 	62266.1886
5.260 	62266.18879
5.265 	62266.18896
5.270 	62266.18914
5.275 	62266.18931
5.280 	62266.18948
5.285 	62266.18964
5.290 	62266.1898
5.295 	62266.18995
5.300 	62266.19011
5.305 	62266.19025
5.310 	62266.1904
5.315 	62266.19054
5.320 	62266.19068
5.325 	62266.19081
5.330 	62266.19094
5.335 	62266.19107
5.340 	62266.1912
5.345 	62266.19132
5.350 	62266.19144
5.355 	62266.19155
5.360 	62266.19167
5.365 	62266.19178
5.370 	62266.19189
5.375 	62266.19199
5.380 	62266.1921
5.385 	62266.1922
5.390 	62266.1923
5.395 	62266.19239
5.400 	62266.19249
5.405 	62266.19258
5.410 	62266.19267
5.415 	62266.19276
5.420 	62266.19284
5.425 	62266.19292
5.430 	62266.19301
5.435 	62266.19309
5.440 	62266.19316
5.445 	62266.19324
5.450 	62266.19331
5.455 	62266.19339
5.460 	62266.19346
5.465 	62266.19352
5.470 	62266.19359
5.475 	62266.19366
5.480 	62266.19372
5.485 	62266.19378
5.490 	62266.19384
5.495 	62266.1939
5.500 	62266.19396
5.505 	62266.19402
5.510 	62266.19408
5.515 	62266.19413
5.520 	62266.19418
5.525 	62266.19423
5.530 	62266.19428
5.535 	62266.19433
5.540 	62266.19438
5.545 	62266.19443
5.550 	62266.19447
5.555 	62266.19452
5.560 	62266.19456
5.565 	62266.19461
5.570 	62266.19465
5.575 	62266.19469
5.580 	62266.19473
5.585 	62266.19477
5.590 	62266.1948
5.595 	62266.19484
5.600 	62266.19488
5.605 	62266.19491
5.610 	62266.19495
5.615 	62266.19498
5.620 	62266.19501
5.625 	62266.19504
5.630 	62266.19507
5.635 	62266.19511
5.640 	62266.19514
5.645 	62266.19516
5.650 	62266.19519
5.655 	62266.19522
5.660 	62266.19525
5.665 	62266.19527
5.670 	62266.1953
5.675 	62266.19532
5.680 	62266.19535
5.685 	62266.19537
5.690 	62266.1954
5.695 	62266.19542
5.700 	62266.19544
5.705 	62266.19546
5.710 	62266.19548
5.715 	62266.1955
5.720 	62266.19552
5.725 	62266.19554
5.730 	62266.19556
5.735 	62266.19558
5.740 	62266.1956
5.745 	62266.19562
5.750 	62266.19564
5.755 	62266.19565
5.760 	62266.19567
5.765 	62266.19569
5.770 	62266.1957
5.775 	62266.19572
5.780 	62266.19573
5.785 	62266.19575
5.790 	62266.19576
5.795 	62266.19578
