0.800 	179397.1505
0.805 	174237.7634
0.810 	169200.9989
0.815 	164284.2338
0.820 	159484.9006
0.825 	154800.4871
0.830 	150228.5347
0.835 	145766.6375
0.840 	141412.4412
0.845 	137163.6419
0.850 	133017.9853
0.855 	128973.2654
0.860 	125027.3234
0.865 	121178.0472
0.870 	117423.37
0.875 	113761.2693
0.880 	110189.7663
0.885 	106706.9247
0.890 	103310.85
0.895 	99999.68844
0.900 	96771.62632
0.905 	93624.88896
0.910 	90557.74002
0.915 	87568.48062
0.920 	84655.44856
0.925 	81817.01757
0.930 	79051.59649
0.935 	76357.62856
0.940 	73733.59071
0.945 	71177.99277
0.950 	68689.37685
0.955 	66266.31658
0.960 	63907.41649
0.965 	61611.31131
0.970 	59376.66537
0.975 	57202.17189
0.980 	55086.55244
0.985 	53028.55629
0.990 	51026.95981
0.995 	49080.56591
1.000 	47188.20345
1.005 	45348.72669
1.010 	43561.01474
1.015 	41823.97101
1.020 	40136.5227
1.025 	38497.6203
1.030 	36906.23704
1.035 	35361.36844
1.040 	33862.03182
1.045 	32407.26578
1.050 	30996.12982
1.055 	29627.7038
1.060 	28301.08756
1.065 	27015.40045
1.070 	25769.78092
1.075 	24563.3861
1.080 	23395.39137
1.085 	22264.99
1.090 	21171.39273
1.095 	20113.8274
1.100 	19091.53856
1.105 	18103.78713
1.110 	17149.85001
1.115 	16229.01974
1.120 	15340.60418
1.125 	14483.92612
1.130 	13658.323
1.135 	12863.14657
1.140 	12097.76256
1.145 	11361.55039
1.150 	10653.90287
1.155 	9974.225884
1.160 	9321.938109
1.165 	8696.470739
1.170 	8097.267199
1.175 	7523.782878
1.180 	6975.484859
1.185 	6451.851663
1.190 	5952.372993
1.195 	5476.549484
1.200 	5023.892462
1.205 	4593.923704
1.210 	4186.175203
1.215 	3800.188945
1.220 	3435.516682
1.225 	3091.719713
1.230 	2768.368675
1.235 	2465.043329
1.240 	2181.33236
1.245 	1916.833173
1.250 	1671.151702
1.255 	1443.902213
1.260 	1234.707126
1.265 	1043.196821
1.270 	869.0094678
1.275 	711.7908476
1.280 	571.1941817
1.285 	446.8799653
1.290 	338.515803
1.295 	245.7762494
1.300 	168.3426523
1.305 	105.9030001
1.310 	58.15177172
1.315 	24.78979063
1.320 	5.524081878
1.330 	8.139753336
1.335 	29.4649484
1.340 	63.77378125
1.345 	110.8022487
1.350 	170.2917559
1.355 	241.9889939
1.360 	325.6458207
1.365 	421.0191444
1.370 	527.8708094
1.375 	645.967485
1.380 	775.0805563
1.385 	914.9860179
1.390 	1065.46437
1.395 	1226.300516
1.400 	1397.283665
1.405 	1578.207233
1.410 	1768.868748
1.415 	1969.069758
1.420 	2178.615741
1.425 	2397.316016
1.430 	2624.983654
1.435 	2861.435398
1.440 	3106.491577
1.445 	3359.976028
1.450 	3621.716014
1.455 	3891.54215
1.460 	4169.288326
1.465 	4454.791634
1.470 	4747.892297
1.475 	5048.433596
1.480 	5356.261806
1.485 	5671.226126
1.490 	5993.178615
1.495 	6321.974127
1.500 	6657.470248
1.505 	6999.527239
1.510 	7348.007972
1.515 	7702.777875
1.520 	8063.704873
1.525 	8430.659335
1.530 	8803.514019
1.535 	9182.144017
1.540 	9566.426706
1.545 	9956.241699
1.550 	10351.47079
1.555 	10751.99792
1.560 	11157.7091
1.565 	11568.4924
1.570 	11984.23789
1.575 	12404.8376
1.580 	12830.18545
1.585 	13260.17726
1.590 	13694.71066
1.595 	14133.68509
1.600 	14577.00173
1.605 	15024.56347
1.610 	15476.2749
1.615 	15932.04222
1.620 	16391.77328
1.625 	16855.37746
1.630 	17322.76571
1.635 	17793.85047
1.640 	18268.54566
1.645 	18746.76664
1.650 	19228.4302
1.655 	19713.45448
1.660 	20201.75902
1.665 	20693.26465
1.670 	21187.89352
1.675 	21685.56903
1.680 	22186.21586
1.685 	22689.75987
1.690 	23196.12816
1.695 	23705.24896
1.700 	24217.05167
1.705 	24731.46681
1.710 	25248.42601
1.715 	25767.86195
1.720 	26289.70841
1.725 	26813.90018
1.730 	27340.37306
1.735 	27869.06387
1.740 	28399.9104
1.745 	28932.85137
1.750 	29467.82649
1.755 	30004.77634
1.760 	30543.64244
1.765 	31084.36718
1.770 	31626.89382
1.775 	32171.16647
1.780 	32717.13008
1.785 	33264.73043
1.790 	33813.91409
1.795 	34364.62843
1.800 	34916.82159
1.805 	35470.44249
1.810 	36025.44076
1.815 	36581.76681
1.820 	37139.37175
1.825 	37698.20738
1.830 	38258.22623
1.835 	38819.38149
1.840 	39381.62703
1.845 	39944.91739
1.850 	40509.20774
1.855 	41074.4539
1.860 	41640.61231
1.865 	42207.64003
1.870 	42775.49473
1.875 	43344.13465
1.880 	43913.51866
1.885 	44483.60617
1.890 	45054.35716
1.895 	45625.73219
1.900 	46197.69236
1.905 	46770.19928
1.910 	47343.21514
1.915 	47916.70262
1.920 	48490.62492
1.925 	49064.94575
1.930 	49639.62932
1.935 	50214.64033
1.940 	50789.94398
1.945 	51365.50591
1.950 	51941.29226
1.955 	52517.26962
1.960 	53093.40506
1.965 	53669.66605
1.970 	54246.02056
1.975 	54822.43695
1.980 	55398.88404
1.985 	55975.33107
1.990 	56551.74768
1.995 	57128.10394
2.000 	57704.37033
2.005 	58280.51772
2.010 	58856.51739
2.015 	59432.34099
2.020 	60007.96058
2.025 	60583.34858
2.030 	61158.47781
2.035 	61733.32144
2.040 	62307.85301
2.045 	62882.04642
2.050 	63455.87595
2.055 	64029.3162
2.060 	64602.34215
2.065 	65174.92909
2.070 	65747.05268
2.075 	66318.68891
2.080 	66889.81408
2.085 	67460.40484
2.090 	68030.43817
2.095 	68599.89135
2.100 	69168.74198
2.105 	69736.96799
2.110 	70304.54761
2.115 	70871.45937
2.120 	71437.6821
2.125 	72003.19496
2.130 	72567.97736
2.135 	73132.00903
2.140 	73695.27
2.145 	74257.74056
2.150 	74819.4013
2.155 	75380.23308
2.160 	75940.21706
2.165 	76499.33464
2.170 	77057.56752
2.175 	77614.89765
2.180 	78171.30727
2.185 	78726.77885
2.190 	79281.29516
2.195 	79834.8392
2.200 	80387.39422
2.205 	80938.94376
2.210 	81489.47156
2.215 	82038.96166
2.220 	82587.3983
2.225 	83134.766
2.230 	83681.0495
2.235 	84226.23378
2.240 	84770.30406
2.245 	85313.24579
2.250 	85855.04466
2.255 	86395.68658
2.260 	86935.1577
2.265 	87473.44437
2.270 	88010.53321
2.275 	88546.411
2.280 	89081.06479
2.285 	89614.48182
2.290 	90146.64955
2.295 	90677.55567
2.300 	91207.18804
2.305 	91735.53478
2.310 	92262.58418
2.315 	92788.32474
2.320 	93312.74519
2.325 	93835.83442
2.330 	94357.58156
2.335 	94877.97592
2.340 	95397.00699
2.345 	95914.66448
2.350 	96430.93828
2.355 	96945.81848
2.360 	97459.29535
2.365 	97971.35934
2.370 	98482.0011
2.375 	98991.21147
2.380 	99498.98144
2.385 	100005.3022
2.390 	100510.1652
2.395 	101013.5619
2.400 	101515.484
2.405 	102015.9235
2.410 	102514.8724
2.415 	103012.323
2.420 	103508.2676
2.425 	104002.6989
2.430 	104495.6096
2.435 	104986.9926
2.440 	105476.841
2.445 	105965.148
2.450 	106451.907
2.455 	106937.1117
2.460 	107420.7556
2.465 	107902.8327
2.470 	108383.3369
2.475 	108862.2625
2.480 	109339.6039
2.485 	109815.3554
2.490 	110289.5117
2.495 	110762.0676
2.500 	111233.018
2.505 	111702.3579
2.510 	112170.0827
2.515 	112636.1876
2.520 	113100.6681
2.525 	113563.5199
2.530 	114024.7388
2.535 	114484.3206
2.540 	114942.2613
2.545 	115398.5573
2.550 	115853.2048
2.555 	116306.2002
2.560 	116757.5401
2.565 	117207.2212
2.570 	117655.2403
2.575 	118101.5945
2.580 	118546.2807
2.585 	118989.2962
2.590 	119430.6384
2.595 	119870.3046
2.600 	120308.2924
2.605 	120744.5996
2.610 	121179.224
2.615 	121612.1634
2.620 	122043.4159
2.625 	122472.9797
2.630 	122900.853
2.635 	123327.0343
2.640 	123751.522
2.645 	124174.3146
2.650 	124595.411
2.655 	125014.81
2.660 	125432.5104
2.665 	125848.5113
2.670 	126262.8119
2.675 	126675.4113
2.680 	127086.3089
2.685 	127495.5042
2.690 	127902.9966
2.695 	128308.7859
2.700 	128712.8717
2.705 	129115.2539
2.710 	129515.9324
2.715 	129914.9072
2.720 	130312.1785
2.725 	130707.7464
2.730 	131101.6112
2.735 	131493.7734
2.740 	131884.2334
2.745 	132272.9917
2.750 	132660.0491
2.755 	133045.4062
2.760 	133429.0638
2.765 	133811.023
2.770 	134191.2845
2.775 	134569.8496
2.780 	134946.7194
2.785 	135321.8951
2.790 	135695.3779
2.795 	136067.1694
2.800 	136437.2708
2.805 	136805.6839
2.810 	137172.4102
2.815 	137537.4513
2.820 	137900.8091
2.825 	138262.4853
2.830 	138622.4819
2.835 	138980.8008
2.840 	139337.4441
2.845 	139692.4139
2.850 	140045.7124
2.855 	140397.3418
2.860 	140747.3043
2.865 	141095.6025
2.870 	141442.2386
2.875 	141787.2153
2.880 	142130.5351
2.885 	142472.2005
2.890 	142812.2144
2.895 	143150.5793
2.900 	143487.2982
2.905 	143822.3739
2.910 	144155.8092
2.915 	144487.6072
2.920 	144817.7709
2.925 	145146.3034
2.930 	145473.2078
2.935 	145798.4872
2.940 	146122.145
2.945 	146444.1844
2.950 	146764.6087
2.955 	147083.4214
2.960 	147400.6258
2.965 	147716.2255
2.970 	148030.224
2.975 	148342.6248
2.980 	148653.4317
2.985 	148962.6482
2.990 	149270.278
2.995 	149576.325
3.000 	149880.7929
3.005 	150183.6856
3.010 	150485.0069
3.015 	150784.7608
3.020 	151082.9512
3.025 	151379.5821
3.030 	151674.6576
3.035 	151968.1817
3.040 	152260.1586
3.045 	152550.5923
3.050 	152839.4872
3.055 	153126.8473
3.060 	153412.677
3.065 	153696.9805
3.070 	153979.7622
3.075 	154261.0264
3.080 	154540.7775
3.085 	154819.0198
3.090 	155095.7579
3.095 	155370.9962
3.100 	155644.7393
3.105 	155916.9916
3.110 	156187.7576
3.115 	156457.0421
3.120 	156724.8495
3.125 	156991.1846
3.130 	157256.052
3.135 	157519.4563
3.140 	157781.4024
3.145 	158041.8948
3.150 	158300.9384
3.155 	158558.538
3.160 	158814.6983
3.165 	159069.4242
3.170 	159322.7206
3.175 	159574.5922
3.180 	159825.0439
3.185 	160074.0807
3.190 	160321.7075
3.195 	160567.9292
3.200 	160812.7507
3.205 	161056.1771
3.210 	161298.2133
3.215 	161538.8644
3.220 	161778.1353
3.225 	162016.031
3.230 	162252.5567
3.235 	162487.7174
3.240 	162721.5181
3.245 	162953.964
3.250 	163185.0601
3.255 	163414.8115
3.260 	163643.2235
3.265 	163870.301
3.270 	164096.0493
3.275 	164320.4735
3.280 	164543.5788
3.285 	164765.3704
3.290 	164985.8533
3.295 	165205.0329
3.300 	165422.9143
3.305 	165639.5027
3.310 	165854.8034
3.315 	166068.8215
3.320 	166281.5623
3.325 	166493.031
3.330 	166703.2329
3.335 	166912.1731
3.340 	167119.857
3.345 	167326.2897
3.350 	167531.4767
3.355 	167735.423
3.360 	167938.1339
3.365 	168139.6148
3.370 	168339.8709
3.375 	168538.9075
3.380 	168736.7298
3.385 	168933.3431
3.390 	169128.7526
3.395 	169322.9638
3.400 	169515.9817
3.405 	169707.8118
3.410 	169898.4592
3.415 	170087.9293
3.420 	170276.2272
3.425 	170463.3584
3.430 	170649.328
3.435 	170834.1414
3.440 	171017.8037
3.445 	171200.3203
3.450 	171381.6964
3.455 	171561.9373
3.460 	171741.0482
3.465 	171919.0344
3.470 	172095.901
3.475 	172271.6535
3.480 	172446.2969
3.485 	172619.8366
3.490 	172792.2777
3.495 	172963.6255
3.500 	173133.8852
3.505 	173303.062
3.510 	173471.1611
3.515 	173638.1877
3.520 	173804.147
3.525 	173969.0442
3.530 	174132.8845
3.535 	174295.673
3.540 	174457.4149
3.545 	174618.1153
3.550 	174777.7795
3.555 	174936.4124
3.560 	175094.0194
3.565 	175250.6054
3.570 	175406.1757
3.575 	175560.7352
3.580 	175714.2892
3.585 	175866.8427
3.590 	176018.4007
3.595 	176168.9684
3.600 	176318.5508
3.605 	176467.1529
3.610 	176614.7798
3.615 	176761.4365
3.620 	176907.128
3.625 	177051.8593
3.630 	177195.6355
3.635 	177338.4615
3.640 	177480.3422
3.645 	177621.2827
3.650 	177761.2879
3.655 	177900.3627
3.660 	178038.512
3.665 	178175.7408
3.670 	178312.0539
3.675 	178447.4563
3.680 	178581.9528
3.685 	178715.5483
3.690 	178848.2476
3.695 	178980.0556
3.700 	179110.9771
3.705 	179241.0168
3.710 	179370.1797
3.715 	179498.4704
3.720 	179625.8938
3.725 	179752.4546
3.730 	179878.1576
3.735 	180003.0074
3.740 	180127.0089
3.745 	180250.1666
3.750 	180372.4853
3.755 	180493.9696
3.760 	180614.6243
3.765 	180734.4539
3.770 	180853.4631
3.775 	180971.6565
3.780 	181089.0387
3.785 	181205.6142
3.790 	181321.3877
3.795 	181436.3637
3.800 	181550.5467
3.805 	181663.9413
3.810 	181776.5519
3.815 	181888.3831
3.820 	181999.4394
3.825 	182109.7251
3.830 	182219.2448
3.835 	182328.0028
3.840 	182436.0036
3.845 	182543.2516
3.850 	182649.7512
3.855 	182755.5067
3.860 	182860.5225
3.865 	182964.803
3.870 	183068.3523
3.875 	183171.1749
3.880 	183273.275
3.885 	183374.6569
3.890 	183475.3249
3.895 	183575.2831
3.900 	183674.5359
3.905 	183773.0873
3.910 	183870.9417
3.915 	183968.1031
3.920 	184064.5758
3.925 	184160.3638
3.930 	184255.4713
3.935 	184349.9024
3.940 	184443.6611
3.945 	184536.7517
3.950 	184629.178
3.955 	184720.9441
3.960 	184812.0541
3.965 	184902.512
3.970 	184992.3217
3.975 	185081.4873
3.980 	185170.0126
3.985 	185257.9017
3.990 	185345.1584
3.995 	185431.7866
4.000 	185517.7902
4.005 	185603.1732
4.010 	185687.9392
4.015 	185772.0923
4.020 	185855.6361
4.025 	185938.5746
4.030 	186020.9114
4.035 	186102.6504
4.040 	186183.7953
4.045 	186264.3498
4.050 	186344.3177
4.055 	186423.7026
4.060 	186502.5083
4.065 	186580.7384
4.070 	186658.3965
4.075 	186735.4862
4.080 	186812.0113
4.085 	186887.9753
4.090 	186963.3817
4.095 	187038.2342
4.100 	187112.5362
4.105 	187186.2914
4.110 	187259.5031
4.115 	187332.175
4.120 	187404.3105
4.125 	187475.9131
4.130 	187546.9861
4.135 	187617.5331
4.140 	187687.5574
4.145 	187757.0625
4.150 	187826.0517
4.155 	187894.5283
4.160 	187962.4958
4.165 	188029.9575
4.170 	188096.9166
4.175 	188163.3765
4.180 	188229.3404
4.185 	188294.8115
4.190 	188359.7933
4.195 	188424.2888
4.200 	188488.3013
4.205 	188551.834
4.210 	188614.89
4.215 	188677.4725
4.220 	188739.5847
4.225 	188801.2297
4.230 	188862.4106
4.235 	188923.1305
4.240 	188983.3925
4.245 	189043.1997
4.250 	189102.555
4.255 	189161.4616
4.260 	189219.9224
4.265 	189277.9404
4.270 	189335.5187
4.275 	189392.6602
4.280 	189449.3678
4.285 	189505.6446
4.290 	189561.4933
4.295 	189616.9169
4.300 	189671.9183
4.305 	189726.5004
4.310 	189780.666
4.315 	189834.418
4.320 	189887.7592
4.325 	189940.6923
4.330 	189993.2203
4.335 	190045.3459
4.340 	190097.0717
4.345 	190148.4007
4.350 	190199.3355
4.355 	190249.8788
4.360 	190300.0334
4.365 	190349.8018
4.370 	190399.1869
4.375 	190448.1912
4.380 	190496.8175
4.385 	190545.0682
4.390 	190592.9461
4.395 	190640.4536
4.400 	190687.5935
4.405 	190734.3683
4.410 	190780.7805
4.415 	190826.8327
4.420 	190872.5273
4.425 	190917.8669
4.430 	190962.854
4.435 	191007.4911
4.440 	191051.7806
4.445 	191095.7249
4.450 	191139.3266
4.455 	191182.588
4.460 	191225.5116
4.465 	191268.0996
4.470 	191310.3546
4.475 	191352.2788
4.480 	191393.8747
4.485 	191435.1445
4.490 	191476.0906
4.495 	191516.7153
4.500 	191557.0208
4.505 	191597.0095
4.510 	191636.6836
4.515 	191676.0454
4.520 	191715.0971
4.525 	191753.841
4.530 	191792.2792
4.535 	191830.4139
4.540 	191868.2474
4.545 	191905.7818
4.550 	191943.0192
4.555 	191979.9618
4.560 	192016.6118
4.565 	192052.9713
4.570 	192089.0423
4.575 	192124.8269
4.580 	192160.3273
4.585 	192195.5455
4.590 	192230.4835
4.595 	192265.1434
4.600 	192299.5273
4.605 	192333.637
4.610 	192367.4747
4.615 	192401.0424
4.620 	192434.3419
4.625 	192467.3753
4.630 	192500.1446
4.635 	192532.6515
4.640 	192564.8982
4.645 	192596.8865
4.650 	192628.6183
4.655 	192660.0954
4.660 	192691.3199
4.665 	192722.2935
4.670 	192753.0181
4.675 	192783.4955
4.680 	192813.7276
4.685 	192843.7162
4.690 	192873.4631
4.695 	192902.9701
4.700 	192932.2389
4.705 	192961.2714
4.710 	192990.0693
4.715 	193018.6344
4.720 	193046.9684
4.725 	193075.073
4.730 	193102.9499
4.735 	193130.6009
4.740 	193158.0276
4.745 	193185.2317
4.750 	193212.2149
4.755 	193238.9789
4.760 	193265.5253
4.765 	193291.8557
4.770 	193317.9717
4.775 	193343.8751
4.780 	193369.5673
4.785 	193395.05
4.790 	193420.3247
4.795 	193445.3931
4.800 	193470.2567
4.805 	193494.9171
4.810 	193519.3757
4.815 	193543.6341
4.820 	193567.6939
4.825 	193591.5566
4.830 	193615.2236
4.835 	193638.6965
4.840 	193661.9767
4.845 	193685.0657
4.850 	193707.9649
4.855 	193730.6759
4.860 	193753.2
4.865 	193775.5386
4.870 	193797.6933
4.875 	193819.6654
4.880 	193841.4564
4.885 	193863.0675
4.890 	193884.5002
4.895 	193905.7559
4.900 	193926.8359
4.905 	193947.7416
4.910 	193968.4743
4.915 	193989.0354
4.920 	194009.4261
4.925 	194029.6479
4.930 	194049.702
4.935 	194069.5897
4.940 	194089.3123
4.945 	194108.871
4.950 	194128.2673
4.955 	194147.5022
4.960 	194166.5771
4.965 	194185.4933
4.970 	194204.2519
4.975 	194222.8541
4.980 	194241.3013
4.985 	194259.5946
4.990 	194277.7352
4.995 	194295.7243
5.000 	194313.5631
5.005 	194331.2528
5.010 	194348.7945
5.015 	194366.1894
5.020 	194383.4386
5.025 	194400.5434
5.030 	194417.5048
5.035 	194434.3239
5.040 	194451.0019
5.045 	194467.54
5.050 	194483.9391
5.055 	194500.2004
5.060 	194516.3249
5.065 	194532.3139
5.070 	194548.1682
5.075 	194563.8891
5.080 	194579.4775
5.085 	194594.9345
5.090 	194610.2611
5.095 	194625.4584
5.100 	194640.5275
5.105 	194655.4692
5.110 	194670.2847
5.115 	194684.9749
5.120 	194699.5409
5.125 	194713.9836
5.130 	194728.304
5.135 	194742.5031
5.140 	194756.5818
5.145 	194770.5411
5.150 	194784.3821
5.155 	194798.1055
5.160 	194811.7124
5.165 	194825.2037
5.170 	194838.5803
5.175 	194851.8432
5.180 	194864.9932
5.185 	194878.0312
5.190 	194890.9582
5.195 	194903.7751
5.200 	194916.4827
5.205 	194929.0819
5.210 	194941.5736
5.215 	194953.9587
5.220 	194966.238
5.225 	194978.4124
5.230 	194990.4827
5.235 	195002.4497
5.240 	195014.3144
5.245 	195026.0775
5.250 	195037.7398
5.255 	195049.3022
5.260 	195060.7655
5.265 	195072.1304
5.270 	195083.3979
5.275 	195094.5686
5.280 	195105.6433
5.285 	195116.623
5.290 	195127.5082
5.295 	195138.2998
5.300 	195148.9986
5.305 	195159.6052
5.310 	195170.1206
5.315 	195180.5453
5.320 	195190.8802
5.325 	195201.1259
5.330 	195211.2833
5.335 	195221.353
5.340 	195231.3357
5.345 	195241.2322
5.350 	195251.0432
5.355 	195260.7693
5.360 	195270.4113
5.365 	195279.9699
5.370 	195289.4457
5.375 	195298.8395
5.380 	195308.1518
5.385 	195317.3835
5.390 	195326.535
5.395 	195335.6072
5.400 	195344.6006
5.405 	195353.5159
5.410 	195362.3538
5.415 	195371.1149
5.420 	195379.7997
5.425 	195388.4091
5.430 	195396.9435
5.435 	195405.4036
5.440 	195413.7901
5.445 	195422.1034
5.450 	195430.3443
5.455 	195438.5134
5.460 	195446.6112
5.465 	195454.6383
5.470 	195462.5953
5.475 	195470.4828
5.480 	195478.3014
5.485 	195486.0516
5.490 	195493.7341
5.495 	195501.3493
5.500 	195508.8979
5.505 	195516.3804
5.510 	195523.7973
5.515 	195531.1493
5.520 	195538.4368
5.525 	195545.6603
5.530 	195552.8206
5.535 	195559.9179
5.540 	195566.9529
5.545 	195573.9262
5.550 	195580.8381
5.555 	195587.6893
5.560 	195594.4802
5.565 	195601.2114
5.570 	195607.8834
5.575 	195614.4966
5.580 	195621.0515
5.585 	195627.5487
5.590 	195633.9886
5.595 	195640.3717
5.600 	195646.6984
5.605 	195652.9694
5.610 	195659.185
5.615 	195665.3457
5.620 	195671.4519
5.625 	195677.5042
5.630 	195683.5029
5.635 	195689.4486
5.640 	195695.3417
5.645 	195701.1826
5.650 	195706.9717
5.655 	195712.7096
5.660 	195718.3966
5.665 	195724.0332
5.670 	195729.6198
5.675 	195735.1569
5.680 	195740.6448
5.685 	195746.0839
5.690 	195751.4748
5.695 	195756.8177
5.700 	195762.1131
5.705 	195767.3615
5.710 	195772.5632
5.715 	195777.7185
5.720 	195782.828
5.725 	195787.892
5.730 	195792.9108
5.735 	195797.885
5.740 	195802.8148
5.745 	195807.7006
5.750 	195812.5428
5.755 	195817.3418
5.760 	195822.098
5.765 	195826.8117
5.770 	195831.4832
5.775 	195836.113
5.780 	195840.7014
5.785 	195845.2488
5.790 	195849.7555
5.795 	195854.2219
