0.8	648085.8729
0.805	611619.4672
0.81	577229.0436
0.815	544797.8871
0.82	514215.6161
0.825	485377.8539
0.83	458185.9169
0.835	432546.5174
0.84	408371.4823
0.845	385577.4847
0.85	364085.79
0.855	343822.014
0.86	324715.8933
0.865	306701.0675
0.87	289714.872
0.875	273698.1414
0.88	258595.0233
0.885	244352.8009
0.89	230921.725
0.895	218254.8542
0.9	206307.9042
0.905	195039.1036
0.91	184409.0577
0.915	174380.6199
0.92	164918.7683
0.925	155990.4904
0.93	147564.6722
0.935	139611.9941
0.94	132104.8321
0.945	125017.1637
0.95	118324.4792
0.955	112003.6973
0.96	106033.0856
0.965	100392.1849
0.97	95061.73763
0.975	90023.62035
0.98	85260.77933
0.985	80757.17004
0.99	76497.69964
0.995	72468.17273
1	68655.23982
1.005	65046.34881
1.01	61629.69894
1.015	58394.19734
1.02	55329.41789
1.025	52425.56243
1.03	49673.42398
1.035	47064.35211
1.04	44590.22013
1.045	42243.39416
1.05	40016.70392
1.055	37903.41511
1.06	35897.20343
1.065	33992.12995
1.07	32182.61794
1.075	30463.43104
1.08	28829.6526
1.085	27276.66627
1.09	25800.13763
1.095	24395.99697
1.1	23060.42299
1.105	21789.82748
1.11	20580.84087
1.115	19430.2987
1.12	18335.22874
1.125	17292.83904
1.13	16300.50656
1.135	15355.76655
1.14	14456.3025
1.145	13599.9368
1.15	12784.62182
1.155	12008.43165
1.16	11269.5543
1.165	10566.28436
1.17	9897.016137
1.175	9260.237208
1.18	8654.522362
1.185	8078.527936
1.19	7530.986498
1.195	7010.701866
1.2	6516.544439
1.205	6047.446835
1.21	5602.399795
1.215	5180.448357
1.22	4780.688284
1.225	4402.262709
1.23	4044.359011
1.235	3706.205895
1.24	3387.070659
1.245	3086.25665
1.25	2803.100886
1.255	2536.971836
1.26	2287.267358
1.265	2053.412769
1.27	1834.859048
1.275	1631.081172
1.28	1441.576553
1.285	1265.863597
1.29	1103.480354
1.295	953.9832722
1.3	816.9460327
1.305	691.9584723
1.31	578.6255821
1.315	476.566579
1.32	385.4140443
1.325	304.8131258
1.33	234.4207986
1.335	173.9051799
1.34	122.9448964
1.345	81.22849724
1.35	48.45391288
1.355	24.3279537
1.36	8.565847406
1.365	0.890811664
1.37	1.033659518
1.375	8.732435287
1.38	23.73207862
1.385	45.78411467
1.39	74.64636832
1.395	110.0827008
1.4	151.8627667
1.405	199.7617901
1.41	253.5603583
1.415	313.0442312
1.42	378.0041657
1.425	448.2357541
1.43	523.539274
1.435	603.7195506
1.44	688.5858286
1.445	777.9516542
1.45	871.6347658
1.455	969.456992
1.46	1071.244157
1.465	1176.825994
1.47	1286.036062
1.475	1398.711669
1.48	1514.6938
1.485	1633.827054
1.49	1755.959572
1.495	1880.942986
1.5	2008.632354
1.505	2138.886112
1.51	2271.566019
1.515	2406.53711
1.52	2543.667644
1.525	2682.829063
1.53	2823.895945
1.535	2966.74596
1.54	3111.259831
1.545	3257.321289
1.55	3404.817035
1.555	3553.6367
1.56	3703.672805
1.565	3854.820723
1.57	4006.978641
1.575	4160.047519
1.58	4313.931058
1.585	4468.535655
1.59	4623.77037
1.595	4779.546889
1.6	4935.779484
1.605	5092.384974
1.61	5249.282693
1.615	5406.394448
1.62	5563.644482
1.625	5720.959437
1.63	5878.268315
1.635	6035.502443
1.64	6192.595431
1.645	6349.483138
1.65	6506.103631
1.655	6662.397148
1.66	6818.30606
1.665	6973.774833
1.67	7128.749988
1.675	7283.180067
1.68	7437.015589
1.685	7590.209018
1.69	7742.71472
1.695	7894.488928
1.7	8045.489704
1.705	8195.676898
1.71	8345.012114
1.715	8493.458674
1.72	8640.981574
1.725	8787.547453
1.73	8933.124554
1.735	9077.682687
1.74	9221.193192
1.745	9363.628906
1.75	9504.964123
1.755	9645.17456
1.76	9784.237323
1.765	9922.130871
1.77	10058.83498
1.775	10194.33071
1.78	10328.60037
1.785	10461.62749
1.79	10593.39678
1.795	10723.89411
1.8	10853.10644
1.805	10981.02184
1.81	11107.62944
1.815	11232.91938
1.82	11356.88278
1.825	11479.51177
1.83	11600.79935
1.835	11720.73948
1.84	11839.32696
1.845	11956.55745
1.85	12072.42742
1.855	12186.93414
1.86	12300.07565
1.865	12411.85072
1.87	12522.25882
1.875	12631.30013
1.88	12738.97549
1.885	12845.28635
1.89	12950.2348
1.895	13053.82352
1.9	13156.05575
1.905	13256.93526
1.91	13356.46638
1.915	13454.6539
1.92	13551.50312
1.925	13647.01978
1.93	13741.21008
1.935	13834.08063
1.94	13925.63843
1.945	14015.89087
1.95	14104.84572
1.955	14192.51108
1.96	14278.89537
1.965	14364.00734
1.97	14447.85604
1.975	14530.45078
1.98	14611.80116
1.985	14691.91699
1.99	14770.80835
1.995	14848.48554
2	14924.95905
2.005	15000.23956
2.01	15074.33794
2.015	15147.26525
2.02	15219.03265
2.025	15289.6515
2.03	15359.13325
2.035	15427.48951
2.04	15494.73195
2.045	15560.87238
2.05	15625.9227
2.055	15689.89485
2.06	15752.80088
2.065	15814.65288
2.07	15875.46301
2.075	15935.24345
2.08	15994.00643
2.085	16051.76421
2.09	16108.52906
2.095	16164.31327
2.1	16219.12913
2.105	16272.98893
2.11	16325.90497
2.115	16377.8895
2.12	16428.95478
2.125	16479.11304
2.13	16528.37646
2.135	16576.75721
2.14	16624.26739
2.145	16670.91909
2.15	16716.72432
2.155	16761.69504
2.16	16805.84316
2.165	16849.18052
2.17	16891.71889
2.175	16933.46998
2.18	16974.44541
2.185	17014.65675
2.19	17054.11545
2.195	17092.83291
2.2	17130.82043
2.205	17168.08923
2.21	17204.65043
2.215	17240.51506
2.22	17275.69405
2.225	17310.19824
2.23	17344.03837
2.235	17377.22509
2.24	17409.76891
2.245	17441.68029
2.25	17472.96954
2.255	17503.64688
2.26	17533.72243
2.265	17563.20619
2.27	17592.10806
2.275	17620.43781
2.28	17648.20514
2.285	17675.4196
2.29	17702.09063
2.295	17728.22759
2.3	17753.83968
2.305	17778.93604
2.31	17803.52565
2.315	17827.6174
2.32	17851.22007
2.325	17874.34231
2.33	17896.99267
2.335	17919.17957
2.34	17940.91135
2.345	17962.19621
2.35	17983.04223
2.355	18003.45741
2.36	18023.44961
2.365	18043.02659
2.37	18062.196
2.375	18080.96537
2.38	18099.34214
2.385	18117.33362
2.39	18134.94702
2.395	18152.18945
2.4	18169.06789
2.405	18185.58924
2.41	18201.76029
2.415	18217.5877
2.42	18233.07806
2.425	18248.23783
2.43	18263.0734
2.435	18277.59101
2.44	18291.79684
2.445	18305.69697
2.45	18319.29735
2.455	18332.60386
2.46	18345.62228
2.465	18358.35828
2.47	18370.81746
2.475	18383.00529
2.48	18394.92719
2.485	18406.58845
2.49	18417.9943
2.495	18429.14987
2.5	18440.06018
2.505	18450.7302
2.51	18461.16479
2.515	18471.36872
2.52	18481.34671
2.525	18491.10334
2.53	18500.64317
2.535	18509.97064
2.54	18519.09011
2.545	18528.00589
2.55	18536.72217
2.555	18545.24311
2.56	18553.57276
2.565	18561.7151
2.57	18569.67405
2.575	18577.45346
2.58	18585.05708
2.585	18592.48863
2.59	18599.75172
2.595	18606.84992
2.6	18613.78672
2.605	18620.56555
2.61	18627.18978
2.615	18633.66269
2.62	18639.98753
2.625	18646.16747
2.63	18652.20561
2.635	18658.10501
2.64	18663.86867
2.645	18669.49951
2.65	18675.0004
2.655	18680.37418
2.66	18685.62359
2.665	18690.75136
2.67	18695.76013
2.675	18700.65251
2.68	18705.43104
2.685	18710.09823
2.69	18714.65653
2.695	18719.10833
2.7	18723.45599
2.705	18727.70181
2.71	18731.84805
2.715	18735.89691
2.72	18739.85056
2.725	18743.71113
2.73	18747.48068
2.735	18751.16127
2.74	18754.75487
2.745	18758.26343
2.75	18761.68888
2.755	18765.03308
2.76	18768.29786
2.765	18771.48502
2.77	18774.5963
2.775	18777.63344
2.78	18780.59811
2.785	18783.49196
2.79	18786.31661
2.795	18789.07362
2.8	18791.76455
2.805	18794.39091
2.81	18796.95417
2.815	18799.45579
2.82	18801.89717
2.825	18804.27971
2.83	18806.60476
2.835	18808.87365
2.84	18811.08767
2.845	18813.2481
2.85	18815.35618
2.855	18817.41312
2.86	18819.42011
2.865	18821.37831
2.87	18823.28887
2.875	18825.15289
2.88	18826.97146
2.885	18828.74564
2.89	18830.47648
2.895	18832.16498
2.9	18833.81216
2.905	18835.41897
2.91	18836.98637
2.915	18838.51528
2.92	18840.00663
2.925	18841.46129
2.93	18842.88013
2.935	18844.264
2.94	18845.61374
2.945	18846.93015
2.95	18848.21403
2.955	18849.46615
2.96	18850.68727
2.965	18851.87813
2.97	18853.03945
2.975	18854.17194
2.98	18855.27629
2.985	18856.35317
2.99	18857.40325
2.995	18858.42717
3	18859.42555
3.005	18860.39902
3.01	18861.34818
3.015	18862.27361
3.02	18863.17588
3.025	18864.05556
3.03	18864.91319
3.035	18865.74931
3.04	18866.56444
3.045	18867.3591
3.05	18868.13377
3.055	18868.88894
3.06	18869.6251
3.065	18870.3427
3.07	18871.04221
3.075	18871.72405
3.08	18872.38866
3.085	18873.03647
3.09	18873.66789
3.095	18874.28332
3.1	18874.88315
3.105	18875.46777
3.11	18876.03755
3.115	18876.59286
3.12	18877.13405
3.125	18877.66148
3.13	18878.17547
3.135	18878.67638
3.14	18879.16451
3.145	18879.64019
3.15	18880.10372
3.155	18880.55541
3.16	18880.99555
3.165	18881.42443
3.17	18881.84233
3.175	18882.24952
3.18	18882.64627
3.185	18883.03283
3.19	18883.40948
3.195	18883.77644
3.2	18884.13397
3.205	18884.48231
3.21	18884.82167
3.215	18885.15229
3.22	18885.47439
3.225	18885.78817
3.23	18886.09386
3.235	18886.39165
3.24	18886.68174
3.245	18886.96433
3.25	18887.23961
3.255	18887.50775
3.26	18887.76895
3.265	18888.02337
3.27	18888.2712
3.275	18888.51258
3.28	18888.7477
3.285	18888.9767
3.29	18889.19974
3.295	18889.41698
3.3	18889.62857
3.305	18889.83463
3.31	18890.03533
3.315	18890.23078
3.32	18890.42114
3.325	18890.60652
3.33	18890.78705
3.335	18890.96287
3.34	18891.13408
3.345	18891.30081
3.35	18891.46317
3.355	18891.62127
3.36	18891.77523
3.365	18891.92514
3.37	18892.07112
3.375	18892.21327
3.38	18892.35167
3.385	18892.48644
3.39	18892.61765
3.395	18892.74542
3.4	18892.86981
3.405	18892.99093
3.41	18893.10885
3.415	18893.22366
3.42	18893.33543
3.425	18893.44426
3.43	18893.55021
3.435	18893.65335
3.44	18893.75376
3.445	18893.85152
3.45	18893.94669
3.455	18894.03933
3.46	18894.12952
3.465	18894.21731
3.47	18894.30277
3.475	18894.38597
3.48	18894.46695
3.485	18894.54578
3.49	18894.62251
3.495	18894.6972
3.5	18894.7699
3.505	18894.84067
3.51	18894.90955
3.515	18894.97659
3.52	18895.04184
3.525	18895.10535
3.53	18895.16716
3.535	18895.22733
3.54	18895.28588
3.545	18895.34287
3.55	18895.39833
3.555	18895.45231
3.56	18895.50484
3.565	18895.55597
3.57	18895.60572
3.575	18895.65414
3.58	18895.70126
3.585	18895.74712
3.59	18895.79174
3.595	18895.83517
3.6	18895.87743
3.605	18895.91855
3.61	18895.95856
3.615	18895.9975
3.62	18896.03539
3.625	18896.07225
3.63	18896.10813
3.635	18896.14303
3.64	18896.177
3.645	18896.21005
3.65	18896.2422
3.655	18896.27349
3.66	18896.30393
3.665	18896.33355
3.67	18896.36236
3.675	18896.3904
3.68	18896.41768
3.685	18896.44422
3.69	18896.47004
3.695	18896.49516
3.7	18896.5196
3.705	18896.54337
3.71	18896.5665
3.715	18896.589
3.72	18896.6109
3.725	18896.63219
3.73	18896.65291
3.735	18896.67306
3.74	18896.69267
3.745	18896.71174
3.75	18896.73029
3.755	18896.74834
3.76	18896.76589
3.765	18896.78297
3.77	18896.79958
3.775	18896.81574
3.78	18896.83145
3.785	18896.84674
3.79	18896.86161
3.795	18896.87608
3.8	18896.89014
3.805	18896.90383
3.81	18896.91714
3.815	18896.93008
3.82	18896.94267
3.825	18896.95492
3.83	18896.96683
3.835	18896.97841
3.84	18896.98968
3.845	18897.00063
3.85	18897.01129
3.855	18897.02165
3.86	18897.03173
3.865	18897.04153
3.87	18897.05107
3.875	18897.06034
3.88	18897.06935
3.885	18897.07812
3.89	18897.08665
3.895	18897.09494
3.9	18897.103
3.905	18897.11084
3.91	18897.11847
3.915	18897.12589
3.92	18897.1331
3.925	18897.14011
3.93	18897.14693
3.935	18897.15356
3.94	18897.16
3.945	18897.16627
3.95	18897.17237
3.955	18897.17829
3.96	18897.18406
3.965	18897.18966
3.97	18897.19511
3.975	18897.20041
3.98	18897.20556
3.985	18897.21057
3.99	18897.21544
3.995	18897.22017
4	18897.22477
4.005	18897.22925
4.01	18897.2336
4.015	18897.23783
4.02	18897.24194
4.025	18897.24594
4.03	18897.24983
4.035	18897.25361
4.04	18897.25729
4.045	18897.26086
4.05	18897.26433
4.055	18897.26771
4.06	18897.27099
4.065	18897.27418
4.07	18897.27729
4.075	18897.2803
4.08	18897.28323
4.085	18897.28608
4.09	18897.28885
4.095	18897.29155
4.1	18897.29417
4.105	18897.29671
4.11	18897.29919
4.115	18897.30159
4.12	18897.30393
4.125	18897.3062
4.13	18897.30841
4.135	18897.31056
4.14	18897.31264
4.145	18897.31467
4.15	18897.31664
4.155	18897.31856
4.16	18897.32042
4.165	18897.32224
4.17	18897.324
4.175	18897.32571
4.18	18897.32737
4.185	18897.32899
4.19	18897.33056
4.195	18897.33208
4.2	18897.33357
4.205	18897.33501
4.21	18897.33641
4.215	18897.33777
4.22	18897.3391
4.225	18897.34039
4.23	18897.34164
4.235	18897.34285
4.24	18897.34403
4.245	18897.34518
4.25	18897.3463
4.255	18897.34738
4.26	18897.34844
4.265	18897.34946
4.27	18897.35046
4.275	18897.35142
4.28	18897.35236
4.285	18897.35328
4.29	18897.35416
4.295	18897.35503
4.3	18897.35587
4.305	18897.35668
4.31	18897.35747
4.315	18897.35824
4.32	18897.35899
4.325	18897.35972
4.33	18897.36042
4.335	18897.36111
4.34	18897.36177
4.345	18897.36242
4.35	18897.36305
4.355	18897.36366
4.36	18897.36426
4.365	18897.36484
4.37	18897.3654
4.375	18897.36594
4.38	18897.36647
4.385	18897.36699
4.39	18897.36749
4.395	18897.36797
4.4	18897.36844
4.405	18897.3689
4.41	18897.36935
4.415	18897.36978
4.42	18897.3702
4.425	18897.37061
4.43	18897.37101
4.435	18897.3714
4.44	18897.37177
4.445	18897.37214
4.45	18897.37249
4.455	18897.37283
4.46	18897.37317
4.465	18897.37349
4.47	18897.37381
4.475	18897.37411
4.48	18897.37441
4.485	18897.3747
4.49	18897.37498
4.495	18897.37525
4.5	18897.37552
4.505	18897.37578
4.51	18897.37603
4.515	18897.37627
4.52	18897.37651
4.525	18897.37674
4.53	18897.37696
4.535	18897.37718
4.54	18897.37739
4.545	18897.37759
4.55	18897.37779
4.555	18897.37798
4.56	18897.37817
4.565	18897.37835
4.57	18897.37853
4.575	18897.3787
4.58	18897.37887
4.585	18897.37903
4.59	18897.37919
4.595	18897.37934
4.6	18897.37949
4.605	18897.37963
4.61	18897.37977
4.615	18897.37991
4.62	18897.38004
4.625	18897.38017
4.63	18897.38029
4.635	18897.38042
4.64	18897.38053
4.645	18897.38065
4.65	18897.38076
4.655	18897.38087
4.66	18897.38097
4.665	18897.38107
4.67	18897.38117
4.675	18897.38127
4.68	18897.38136
4.685	18897.38145
4.69	18897.38154
4.695	18897.38163
4.7	18897.38171
4.705	18897.38179
4.71	18897.38187
4.715	18897.38194
4.72	18897.38202
4.725	18897.38209
4.73	18897.38216
4.735	18897.38223
4.74	18897.38229
4.745	18897.38236
4.75	18897.38242
4.755	18897.38248
4.76	18897.38254
4.765	18897.38259
4.77	18897.38265
4.775	18897.3827
4.78	18897.38275
4.785	18897.3828
4.79	18897.38285
4.795	18897.3829
4.8	18897.38295
4.805	18897.38299
4.81	18897.38304
4.815	18897.38308
4.82	18897.38312
4.825	18897.38316
4.83	18897.3832
4.835	18897.38324
4.84	18897.38327
4.845	18897.38331
4.85	18897.38334
4.855	18897.38338
4.86	18897.38341
4.865	18897.38344
4.87	18897.38347
4.875	18897.3835
4.88	18897.38353
4.885	18897.38356
4.89	18897.38359
4.895	18897.38361
4.9	18897.38364
4.905	18897.38366
4.91	18897.38369
4.915	18897.38371
4.92	18897.38373
4.925	18897.38376
4.93	18897.38378
4.935	18897.3838
4.94	18897.38382
4.945	18897.38384
4.95	18897.38386
4.955	18897.38388
4.96	18897.38389
4.965	18897.38391
4.97	18897.38393
4.975	18897.38394
4.98	18897.38396
4.985	18897.38398
4.99	18897.38399
4.995	18897.38401
5	18897.38402
5.005	18897.38403
5.01	18897.38405
5.015	18897.38406
5.02	18897.38407
5.025	18897.38409
5.03	18897.3841
5.035	18897.38411
5.04	18897.38412
5.045	18897.38413
5.05	18897.38414
5.055	18897.38415
5.06	18897.38416
5.065	18897.38417
5.07	18897.38418
5.075	18897.38419
5.08	18897.3842
5.085	18897.38421
5.09	18897.38422
5.095	18897.38423
5.1	18897.38423
5.105	18897.38424
5.11	18897.38425
5.115	18897.38426
5.12	18897.38426
5.125	18897.38427
5.13	18897.38428
5.135	18897.38428
5.14	18897.38429
5.145	18897.38429
5.15	18897.3843
5.155	18897.38431
5.16	18897.38431
5.165	18897.38432
5.17	18897.38432
5.175	18897.38433
5.18	18897.38433
5.185	18897.38434
5.19	18897.38434
5.195	18897.38435
5.2	18897.38435
5.205	18897.38435
5.21	18897.38436
5.215	18897.38436
5.22	18897.38437
5.225	18897.38437
5.23	18897.38437
5.235	18897.38438
5.24	18897.38438
5.245	18897.38438
5.25	18897.38439
5.255	18897.38439
5.26	18897.38439
5.265	18897.3844
5.27	18897.3844
5.275	18897.3844
5.28	18897.38441
5.285	18897.38441
5.29	18897.38441
5.295	18897.38441
5.3	18897.38442
5.305	18897.38442
5.31	18897.38442
5.315	18897.38442
5.32	18897.38442
5.325	18897.38443
5.33	18897.38443
5.335	18897.38443
5.34	18897.38443
5.345	18897.38443
5.35	18897.38444
5.355	18897.38444
5.36	18897.38444
5.365	18897.38444
5.37	18897.38444
5.375	18897.38444
5.38	18897.38445
5.385	18897.38445
5.39	18897.38445
5.395	18897.38445
5.4	18897.38445
5.405	18897.38445
5.41	18897.38445
5.415	18897.38446
5.42	18897.38446
5.425	18897.38446
5.43	18897.38446
5.435	18897.38446
5.44	18897.38446
5.445	18897.38446
5.45	18897.38446
5.455	18897.38446
5.46	18897.38446
5.465	18897.38447
5.47	18897.38447
5.475	18897.38447
5.48	18897.38447
5.485	18897.38447
5.49	18897.38447
5.495	18897.38447
5.5	18897.38447
5.505	18897.38447
5.51	18897.38447
5.515	18897.38447
5.52	18897.38447
5.525	18897.38447
5.53	18897.38448
5.535	18897.38448
5.54	18897.38448
5.545	18897.38448
5.55	18897.38448
5.555	18897.38448
5.56	18897.38448
5.565	18897.38448
5.57	18897.38448
5.575	18897.38448
5.58	18897.38448
5.585	18897.38448
5.59	18897.38448
5.595	18897.38448
5.6	18897.38448
5.605	18897.38448
5.61	18897.38448
5.615	18897.38448
5.62	18897.38448
5.625	18897.38448
5.63	18897.38448
5.635	18897.38448
5.64	18897.38448
5.645	18897.38449
5.65	18897.38449
5.655	18897.38449
5.66	18897.38449
5.665	18897.38449
5.67	18897.38449
5.675	18897.38449
5.68	18897.38449
5.685	18897.38449
5.69	18897.38449
5.695	18897.38449
5.7	18897.38449
5.705	18897.38449
5.71	18897.38449
5.715	18897.38449
5.72	18897.38449
5.725	18897.38449
5.73	18897.38449
5.735	18897.38449
5.74	18897.38449
5.745	18897.38449
5.75	18897.38449
5.755	18897.38449
5.76	18897.38449
5.765	18897.38449
5.77	18897.38449
5.775	18897.38449
5.78	18897.38449
5.785	18897.38449
5.79	18897.38449
5.795	18897.38449
