0.800 	294416.7379
0.805 	282371.9465
0.810 	270830.5945
0.815 	259770.525
0.820 	249170.5795
0.825 	239010.5539
0.830 	229271.1563
0.835 	219933.9663
0.840 	210981.396
0.845 	202396.6533
0.850 	194163.706
0.855 	186267.2478
0.860 	178692.6661
0.865 	171426.0103
0.870 	164453.9625
0.875 	157763.8089
0.880 	151343.4122
0.885 	145181.186
0.890 	139266.0697
0.895 	133587.5046
0.900 	128135.411
0.905 	122900.1667
0.910 	117872.5861
0.915 	113043.8999
0.920 	108405.7367
0.925 	103950.1042
0.930 	99669.37238
0.935 	95556.25634
0.940 	91603.80082
0.945 	87805.36487
0.950 	84154.60743
0.955 	80645.47343
0.960 	77272.18062
0.965 	74029.20693
0.970 	70911.27844
0.975 	67913.35784
0.980 	65030.63347
0.985 	62258.50881
0.990 	59592.59251
0.995 	57028.68877
1.000 	54562.78828
1.005 	52191.05948
1.010 	49909.84029
1.015 	47715.63015
1.020 	45605.08249
1.025 	43574.99753
1.030 	41622.31535
1.035 	39744.10941
1.040 	37937.58024
1.045 	36200.0495
1.050 	34528.95429
1.055 	32921.84174
1.060 	31376.36383
1.065 	29890.2725
1.070 	28461.41491
1.075 	27087.729
1.080 	25767.23924
1.085 	24498.05255
1.090 	23278.35444
1.095 	22106.40533
1.100 	20980.53705
1.105 	19899.14947
1.110 	18860.70738
1.115 	17863.73739
1.120 	16906.8251
1.125 	15988.61233
1.130 	15107.79451
1.135 	14263.1182
1.140 	13453.37873
1.145 	12677.41793
1.150 	11934.12198
1.155 	11222.41942
1.160 	10541.27914
1.165 	9889.708591
1.170 	9266.752008
1.175 	8671.488736
1.180 	8103.031649
1.185 	7560.525638
1.190 	7043.146171
1.195 	6550.097935
1.200 	6080.613528
1.205 	5633.95223
1.210 	5209.398829
1.215 	4806.262499
1.220 	4423.875747
1.225 	4061.593395
1.230 	3718.79163
1.235 	3394.867083
1.240 	3089.235971
1.245 	2801.333266
1.250 	2530.611916
1.255 	2276.542098
1.260 	2038.610511
1.265 	1816.319703
1.270 	1609.187432
1.275 	1416.746057
1.280 	1238.541958
1.285 	1074.134989
1.290 	923.0979533
1.295 	785.0161061
1.300 	659.4866822
1.305 	546.1184456
1.310 	444.5312614
1.315 	354.3556886
1.320 	275.2325922
1.325 	206.8127748
1.330 	148.7566246
1.335 	100.7337819
1.340 	62.42281959
1.345 	33.51094067
1.350 	13.69368852
1.355 	2.674671662
1.360 	0.165300984
1.365 	5.884539233
1.370 	19.55866203
1.375 	40.92102981
1.380 	69.71187008
1.385 	105.6780695
1.390 	148.5729753
1.395 	198.1562053
1.400 	254.1934663
1.405 	316.4563807
1.410 	384.7223197
1.415 	458.7742449
1.420 	538.4005549
1.425 	623.3949398
1.430 	713.5562406
1.435 	808.6883146
1.440 	908.5999065
1.445 	1013.104524
1.450 	1122.020318
1.455 	1235.169969
1.460 	1352.380576
1.465 	1473.483548
1.470 	1598.314505
1.475 	1726.713177
1.480 	1858.523308
1.485 	1993.592565
1.490 	2131.772448
1.495 	2272.918204
1.500 	2416.888744
1.505 	2563.54656
1.510 	2712.75765
1.515 	2864.391441
1.520 	3018.320713
1.525 	3174.421529
1.530 	3332.573166
1.535 	3492.658048
1.540 	3654.561677
1.545 	3818.172571
1.550 	3983.382204
1.555 	4150.084939
1.560 	4318.177975
1.565 	4487.561285
1.570 	4658.137561
1.575 	4829.812158
1.580 	5002.493042
1.585 	5176.090733
1.590 	5350.518259
1.595 	5525.6911
1.600 	5701.527141
1.605 	5877.946625
1.610 	6054.872101
1.615 	6232.228382
1.620 	6409.942496
1.625 	6587.943644
1.630 	6766.163151
1.635 	6944.534429
1.640 	7122.99293
1.645 	7301.476105
1.650 	7479.923367
1.655 	7658.276043
1.660 	7836.477341
1.665 	8014.472309
1.670 	8192.207796
1.675 	8369.632413
1.680 	8546.696501
1.685 	8723.352089
1.690 	8899.552859
1.695 	9075.254117
1.700 	9250.412747
1.705 	9424.987187
1.710 	9598.937391
1.715 	9772.224795
1.720 	9944.812286
1.725 	10116.66417
1.730 	10287.74614
1.735 	10458.02525
1.740 	10627.46986
1.745 	10796.04966
1.750 	10963.73556
1.755 	11130.49975
1.760 	11296.3156
1.765 	11461.15766
1.770 	11625.00166
1.775 	11787.82441
1.780 	11949.60386
1.785 	12110.31899
1.790 	12269.94986
1.795 	12428.47753
1.800 	12585.88406
1.805 	12742.15247
1.810 	12897.26674
1.815 	13051.21174
1.820 	13203.97328
1.825 	13355.53801
1.830 	13505.89345
1.835 	13655.02793
1.840 	13802.9306
1.845 	13949.59139
1.850 	14095.00099
1.855 	14239.15085
1.860 	14382.03311
1.865 	14523.64065
1.870 	14663.96699
1.875 	14803.00635
1.880 	14940.75358
1.885 	15077.20414
1.890 	15212.35412
1.895 	15346.20018
1.900 	15478.73957
1.905 	15609.97006
1.910 	15739.89
1.915 	15868.49822
1.920 	15995.79408
1.925 	16121.77741
1.930 	16246.44853
1.935 	16369.8082
1.940 	16491.85762
1.945 	16612.59843
1.950 	16732.03268
1.955 	16850.1628
1.960 	16966.99162
1.965 	17082.52234
1.970 	17196.75851
1.975 	17309.70403
1.980 	17421.36313
1.985 	17531.74035
1.990 	17640.84056
1.995 	17748.66889
2.000 	17855.23079
2.005 	17960.53195
2.010 	18064.57835
2.015 	18167.3762
2.020 	18268.93195
2.025 	18369.25229
2.030 	18468.34412
2.035 	18566.21456
2.040 	18662.87092
2.045 	18758.32069
2.050 	18852.57157
2.055 	18945.63142
2.060 	19037.50824
2.065 	19128.21022
2.070 	19217.74569
2.075 	19306.12309
2.080 	19393.35103
2.085 	19479.43822
2.090 	19564.39349
2.095 	19648.22579
2.100 	19730.94415
2.105 	19812.55772
2.110 	19893.07573
2.115 	19972.50747
2.120 	20050.86235
2.125 	20128.14981
2.130 	20204.37937
2.135 	20279.56061
2.140 	20353.70315
2.145 	20426.81669
2.150 	20498.91092
2.155 	20569.99561
2.160 	20640.08055
2.165 	20709.17555
2.170 	20777.29045
2.175 	20844.4351
2.180 	20910.61937
2.185 	20975.85315
2.190 	21040.14631
2.195 	21103.50874
2.200 	21165.95032
2.205 	21227.48094
2.210 	21288.11045
2.215 	21347.84873
2.220 	21406.7056
2.225 	21464.69089
2.230 	21521.81439
2.235 	21578.08588
2.240 	21633.51511
2.245 	21688.11179
2.250 	21741.88559
2.255 	21794.84617
2.260 	21847.00314
2.265 	21898.36605
2.270 	21948.94444
2.275 	21998.74778
2.280 	22047.7855
2.285 	22096.06699
2.290 	22143.60158
2.295 	22190.39856
2.300 	22236.46713
2.305 	22281.81649
2.310 	22326.45573
2.315 	22370.39392
2.320 	22413.64004
2.325 	22456.20303
2.330 	22498.09176
2.335 	22539.31504
2.340 	22579.88159
2.345 	22619.80011
2.350 	22659.0792
2.355 	22697.72739
2.360 	22735.75316
2.365 	22773.16491
2.370 	22809.97097
2.375 	22846.1796
2.380 	22881.79899
2.385 	22916.83725
2.390 	22951.30243
2.395 	22985.20249
2.400 	23018.54533
2.405 	23051.33878
2.410 	23083.59058
2.415 	23115.3084
2.420 	23146.49985
2.425 	23177.17243
2.430 	23207.33361
2.435 	23236.99074
2.440 	23266.15112
2.445 	23294.82198
2.450 	23323.01045
2.455 	23350.72361
2.460 	23377.96843
2.465 	23404.75185
2.470 	23431.08069
2.475 	23456.96171
2.480 	23482.40162
2.485 	23507.40701
2.490 	23531.98442
2.495 	23556.14032
2.500 	23579.88109
2.505 	23603.21305
2.510 	23626.14242
2.515 	23648.67537
2.520 	23670.818
2.525 	23692.5763
2.530 	23713.95624
2.535 	23734.96367
2.540 	23755.6044
2.545 	23775.88414
2.550 	23795.80855
2.555 	23815.38322
2.560 	23834.61364
2.565 	23853.50527
2.570 	23872.06346
2.575 	23890.29353
2.580 	23908.2007
2.585 	23925.79013
2.590 	23943.06692
2.595 	23960.0361
2.600 	23976.70263
2.605 	23993.07139
2.610 	24009.14722
2.615 	24024.93488
2.620 	24040.43906
2.625 	24055.6644
2.630 	24070.61547
2.635 	24085.29677
2.640 	24099.71274
2.645 	24113.86776
2.650 	24127.76616
2.655 	24141.41219
2.660 	24154.81004
2.665 	24167.96387
2.670 	24180.87773
2.675 	24193.55566
2.680 	24206.00161
2.685 	24218.21949
2.690 	24230.21315
2.695 	24241.98637
2.700 	24253.54289
2.705 	24264.8864
2.710 	24276.02051
2.715 	24286.9488
2.720 	24297.67478
2.725 	24308.20193
2.730 	24318.53365
2.735 	24328.67331
2.740 	24338.62421
2.745 	24348.38963
2.750 	24357.97276
2.755 	24367.37677
2.760 	24376.60477
2.765 	24385.65983
2.770 	24394.54497
2.775 	24403.26315
2.780 	24411.81729
2.785 	24420.21029
2.790 	24428.44497
2.795 	24436.52411
2.800 	24444.45047
2.805 	24452.22675
2.810 	24459.8556
2.815 	24467.33964
2.820 	24474.68144
2.825 	24481.88354
2.830 	24488.94842
2.835 	24495.87855
2.840 	24502.67633
2.845 	24509.34413
2.850 	24515.8843
2.855 	24522.29912
2.860 	24528.59086
2.865 	24534.76174
2.870 	24540.81394
2.875 	24546.74962
2.880 	24552.57088
2.885 	24558.27981
2.890 	24563.87844
2.895 	24569.3688
2.900 	24574.75286
2.905 	24580.03256
2.910 	24585.20981
2.915 	24590.28649
2.920 	24595.26445
2.925 	24600.14551
2.930 	24604.93145
2.935 	24609.62402
2.940 	24614.22496
2.945 	24618.73595
2.950 	24623.15867
2.955 	24627.49474
2.960 	24631.74579
2.965 	24635.9134
2.970 	24639.99912
2.975 	24644.00447
2.980 	24647.93097
2.985 	24651.78008
2.990 	24655.55326
2.995 	24659.25193
3.000 	24662.87749
3.005 	24666.43132
3.010 	24669.91477
3.015 	24673.32917
3.020 	24676.67582
3.025 	24679.956
3.030 	24683.17098
3.035 	24686.32198
3.040 	24689.41023
3.045 	24692.43691
3.050 	24695.4032
3.055 	24698.31025
3.060 	24701.15919
3.065 	24703.95113
3.070 	24706.68717
3.075 	24709.36836
3.080 	24711.99576
3.085 	24714.57042
3.090 	24717.09333
3.095 	24719.56549
3.100 	24721.98789
3.105 	24724.36148
3.110 	24726.68721
3.115 	24728.96599
3.120 	24731.19875
3.125 	24733.38636
3.130 	24735.52972
3.135 	24737.62967
3.140 	24739.68705
3.145 	24741.70271
3.150 	24743.67745
3.155 	24745.61206
3.160 	24747.50734
3.165 	24749.36405
3.170 	24751.18294
3.175 	24752.96476
3.180 	24754.71024
3.185 	24756.42008
3.190 	24758.09499
3.195 	24759.73565
3.200 	24761.34274
3.205 	24762.91693
3.210 	24764.45885
3.215 	24765.96914
3.220 	24767.44844
3.225 	24768.89735
3.230 	24770.31648
3.235 	24771.70641
3.240 	24773.06774
3.245 	24774.40101
3.250 	24775.7068
3.255 	24776.98565
3.260 	24778.23809
3.265 	24779.46466
3.270 	24780.66586
3.275 	24781.84221
3.280 	24782.99421
3.285 	24784.12233
3.290 	24785.22706
3.295 	24786.30887
3.300 	24787.36821
3.305 	24788.40554
3.310 	24789.42131
3.315 	24790.41593
3.320 	24791.38985
3.325 	24792.34348
3.330 	24793.27722
3.335 	24794.19148
3.340 	24795.08666
3.345 	24795.96313
3.350 	24796.82128
3.355 	24797.66148
3.360 	24798.48409
3.365 	24799.28947
3.370 	24800.07796
3.375 	24800.84992
3.380 	24801.60568
3.385 	24802.34557
3.390 	24803.06991
3.395 	24803.77901
3.400 	24804.4732
3.405 	24805.15277
3.410 	24805.81803
3.415 	24806.46926
3.420 	24807.10676
3.425 	24807.7308
3.430 	24808.34166
3.435 	24808.93961
3.440 	24809.52492
3.445 	24810.09784
3.450 	24810.65864
3.455 	24811.20755
3.460 	24811.74484
3.465 	24812.27072
3.470 	24812.78545
3.475 	24813.28925
3.480 	24813.78234
3.485 	24814.26495
3.490 	24814.7373
3.495 	24815.19959
3.500 	24815.65204
3.505 	24816.09485
3.510 	24816.52822
3.515 	24816.95235
3.520 	24817.36742
3.525 	24817.77363
3.530 	24818.17116
3.535 	24818.56019
3.540 	24818.9409
3.545 	24819.31346
3.550 	24819.67804
3.555 	24820.03481
3.560 	24820.38393
3.565 	24820.72557
3.570 	24821.05987
3.575 	24821.387
3.580 	24821.70709
3.585 	24822.02031
3.590 	24822.32679
3.595 	24822.62667
3.600 	24822.9201
3.605 	24823.20721
3.610 	24823.48813
3.615 	24823.763
3.620 	24824.03193
3.625 	24824.29506
3.630 	24824.55251
3.635 	24824.80439
3.640 	24825.05083
3.645 	24825.29194
3.650 	24825.52783
3.655 	24825.75861
3.660 	24825.9844
3.665 	24826.20529
3.670 	24826.42139
3.675 	24826.63281
3.680 	24826.83963
3.685 	24827.04197
3.690 	24827.23991
3.695 	24827.43355
3.700 	24827.62297
3.705 	24827.80828
3.710 	24827.98955
3.715 	24828.16687
3.720 	24828.34034
3.725 	24828.51002
3.730 	24828.67599
3.735 	24828.83835
3.740 	24828.99717
3.745 	24829.15251
3.750 	24829.30447
3.755 	24829.4531
3.760 	24829.59848
3.765 	24829.74068
3.770 	24829.87977
3.775 	24830.01581
3.780 	24830.14887
3.785 	24830.27901
3.790 	24830.40631
3.795 	24830.53081
3.800 	24830.65257
3.805 	24830.77167
3.810 	24830.88814
3.815 	24831.00206
3.820 	24831.11347
3.825 	24831.22244
3.830 	24831.329
3.835 	24831.43322
3.840 	24831.53514
3.845 	24831.63482
3.850 	24831.7323
3.855 	24831.82764
3.860 	24831.92086
3.865 	24832.01204
3.870 	24832.10119
3.875 	24832.18838
3.880 	24832.27364
3.885 	24832.35702
3.890 	24832.43856
3.895 	24832.51829
3.900 	24832.59625
3.905 	24832.67249
3.910 	24832.74704
3.915 	24832.81994
3.920 	24832.89122
3.925 	24832.96092
3.930 	24833.02907
3.935 	24833.09571
3.940 	24833.16088
3.945 	24833.22459
3.950 	24833.28689
3.955 	24833.3478
3.960 	24833.40736
3.965 	24833.46559
3.970 	24833.52253
3.975 	24833.5782
3.980 	24833.63263
3.985 	24833.68585
3.990 	24833.73788
3.995 	24833.78875
4.000 	24833.83849
4.005 	24833.88711
4.010 	24833.93465
4.015 	24833.98113
4.020 	24834.02657
4.025 	24834.07099
4.030 	24834.11443
4.035 	24834.15689
4.040 	24834.1984
4.045 	24834.23898
4.050 	24834.27865
4.055 	24834.31743
4.060 	24834.35535
4.065 	24834.39241
4.070 	24834.42864
4.075 	24834.46407
4.080 	24834.49869
4.085 	24834.53254
4.090 	24834.56563
4.095 	24834.59797
4.100 	24834.62959
4.105 	24834.6605
4.110 	24834.69071
4.115 	24834.72025
4.120 	24834.74912
4.125 	24834.77733
4.130 	24834.80492
4.135 	24834.83188
4.140 	24834.85823
4.145 	24834.88399
4.150 	24834.90917
4.155 	24834.93379
4.160 	24834.95784
4.165 	24834.98136
4.170 	24835.00434
4.175 	24835.0268
4.180 	24835.04876
4.185 	24835.07022
4.190 	24835.09119
4.195 	24835.11169
4.200 	24835.13173
4.205 	24835.15131
4.210 	24835.17045
4.215 	24835.18916
4.220 	24835.20744
4.225 	24835.22531
4.230 	24835.24277
4.235 	24835.25984
4.240 	24835.27652
4.245 	24835.29282
4.250 	24835.30875
4.255 	24835.32432
4.260 	24835.33954
4.265 	24835.35441
4.270 	24835.36894
4.275 	24835.38314
4.280 	24835.39702
4.285 	24835.41058
4.290 	24835.42384
4.295 	24835.43679
4.300 	24835.44945
4.305 	24835.46182
4.310 	24835.47391
4.315 	24835.48572
4.320 	24835.49727
4.325 	24835.50855
4.330 	24835.51957
4.335 	24835.53034
4.340 	24835.54087
4.345 	24835.55115
4.350 	24835.5612
4.355 	24835.57102
4.360 	24835.58062
4.365 	24835.59
4.370 	24835.59916
4.375 	24835.60811
4.380 	24835.61686
4.385 	24835.62541
4.390 	24835.63376
4.395 	24835.64193
4.400 	24835.6499
4.405 	24835.65769
4.410 	24835.66531
4.415 	24835.67274
4.420 	24835.68001
4.425 	24835.68711
4.430 	24835.69405
4.435 	24835.70083
4.440 	24835.70746
4.445 	24835.71393
4.450 	24835.72025
4.455 	24835.72643
4.460 	24835.73247
4.465 	24835.73836
4.470 	24835.74412
4.475 	24835.74975
4.480 	24835.75525
4.485 	24835.76063
4.490 	24835.76588
4.495 	24835.771
4.500 	24835.77601
4.505 	24835.78091
4.510 	24835.78569
4.515 	24835.79036
4.520 	24835.79493
4.525 	24835.79939
4.530 	24835.80374
4.535 	24835.808
4.540 	24835.81216
4.545 	24835.81622
4.550 	24835.82019
4.555 	24835.82406
4.560 	24835.82785
4.565 	24835.83155
4.570 	24835.83516
4.575 	24835.83869
4.580 	24835.84214
4.585 	24835.84551
4.590 	24835.8488
4.595 	24835.85201
4.600 	24835.85515
4.605 	24835.85822
4.610 	24835.86122
4.615 	24835.86414
4.620 	24835.867
4.625 	24835.8698
4.630 	24835.87252
4.635 	24835.87519
4.640 	24835.87779
4.645 	24835.88034
4.650 	24835.88282
4.655 	24835.88524
4.660 	24835.88761
4.665 	24835.88993
4.670 	24835.89219
4.675 	24835.8944
4.680 	24835.89656
4.685 	24835.89866
4.690 	24835.90072
4.695 	24835.90273
4.700 	24835.90469
4.705 	24835.90661
4.710 	24835.90848
4.715 	24835.91031
4.720 	24835.9121
4.725 	24835.91385
4.730 	24835.91555
4.735 	24835.91722
4.740 	24835.91884
4.745 	24835.92043
4.750 	24835.92198
4.755 	24835.9235
4.760 	24835.92497
4.765 	24835.92642
4.770 	24835.92783
4.775 	24835.92921
4.780 	24835.93056
4.785 	24835.93187
4.790 	24835.93315
4.795 	24835.93441
4.800 	24835.93563
4.805 	24835.93683
4.810 	24835.938
4.815 	24835.93914
4.820 	24835.94025
4.825 	24835.94134
4.830 	24835.9424
4.835 	24835.94344
4.840 	24835.94445
4.845 	24835.94544
4.850 	24835.94641
4.855 	24835.94735
4.860 	24835.94828
4.865 	24835.94918
4.870 	24835.95006
4.875 	24835.95091
4.880 	24835.95175
4.885 	24835.95257
4.890 	24835.95337
4.895 	24835.95415
4.900 	24835.95491
4.905 	24835.95566
4.910 	24835.95639
4.915 	24835.9571
4.920 	24835.95779
4.925 	24835.95847
4.930 	24835.95913
4.935 	24835.95977
4.940 	24835.9604
4.945 	24835.96102
4.950 	24835.96162
4.955 	24835.96221
4.960 	24835.96278
4.965 	24835.96334
4.970 	24835.96388
4.975 	24835.96442
4.980 	24835.96494
4.985 	24835.96545
4.990 	24835.96594
4.995 	24835.96643
5.000 	24835.9669
5.005 	24835.96737
5.010 	24835.96782
5.015 	24835.96826
5.020 	24835.96869
5.025 	24835.96911
5.030 	24835.96952
5.035 	24835.96992
5.040 	24835.97031
5.045 	24835.97069
5.050 	24835.97107
5.055 	24835.97143
5.060 	24835.97179
5.065 	24835.97213
5.070 	24835.97247
5.075 	24835.9728
5.080 	24835.97313
5.085 	24835.97344
5.090 	24835.97375
5.095 	24835.97405
5.100 	24835.97435
5.105 	24835.97463
5.110 	24835.97491
5.115 	24835.97518
5.120 	24835.97545
5.125 	24835.97571
5.130 	24835.97597
5.135 	24835.97621
5.140 	24835.97646
5.145 	24835.97669
5.150 	24835.97693
5.155 	24835.97715
5.160 	24835.97737
5.165 	24835.97759
5.170 	24835.9778
5.175 	24835.978
5.180 	24835.9782
5.185 	24835.9784
5.190 	24835.97859
5.195 	24835.97877
5.200 	24835.97895
5.205 	24835.97913
5.210 	24835.97931
5.215 	24835.97947
5.220 	24835.97964
5.225 	24835.9798
5.230 	24835.97996
5.235 	24835.98011
5.240 	24835.98026
5.245 	24835.98041
5.250 	24835.98055
5.255 	24835.98069
5.260 	24835.98083
5.265 	24835.98096
5.270 	24835.98109
5.275 	24835.98122
5.280 	24835.98134
5.285 	24835.98146
5.290 	24835.98158
5.295 	24835.98169
5.300 	24835.98181
5.305 	24835.98191
5.310 	24835.98202
5.315 	24835.98213
5.320 	24835.98223
5.325 	24835.98233
5.330 	24835.98242
5.335 	24835.98252
5.340 	24835.98261
5.345 	24835.9827
5.350 	24835.98279
5.355 	24835.98288
5.360 	24835.98296
5.365 	24835.98304
5.370 	24835.98312
5.375 	24835.9832
5.380 	24835.98328
5.385 	24835.98335
5.390 	24835.98342
5.395 	24835.9835
5.400 	24835.98356
5.405 	24835.98363
5.410 	24835.9837
5.415 	24835.98376
5.420 	24835.98383
5.425 	24835.98389
5.430 	24835.98395
5.435 	24835.98401
5.440 	24835.98406
5.445 	24835.98412
5.450 	24835.98417
5.455 	24835.98423
5.460 	24835.98428
5.465 	24835.98433
5.470 	24835.98438
5.475 	24835.98443
5.480 	24835.98447
5.485 	24835.98452
5.490 	24835.98456
5.495 	24835.98461
5.500 	24835.98465
5.505 	24835.98469
5.510 	24835.98473
5.515 	24835.98477
5.520 	24835.98481
5.525 	24835.98485
5.530 	24835.98488
5.535 	24835.98492
5.540 	24835.98496
5.545 	24835.98499
5.550 	24835.98502
5.555 	24835.98506
5.560 	24835.98509
5.565 	24835.98512
5.570 	24835.98515
5.575 	24835.98518
5.580 	24835.98521
5.585 	24835.98524
5.590 	24835.98526
5.595 	24835.98529
5.600 	24835.98532
5.605 	24835.98534
5.610 	24835.98537
5.615 	24835.98539
5.620 	24835.98542
5.625 	24835.98544
5.630 	24835.98546
5.635 	24835.98548
5.640 	24835.98551
5.645 	24835.98553
5.650 	24835.98555
5.655 	24835.98557
5.660 	24835.98559
5.665 	24835.98561
5.670 	24835.98562
5.675 	24835.98564
5.680 	24835.98566
5.685 	24835.98568
5.690 	24835.98569
5.695 	24835.98571
5.700 	24835.98573
5.705 	24835.98574
5.710 	24835.98576
5.715 	24835.98577
5.720 	24835.98579
5.725 	24835.9858
5.730 	24835.98582
5.735 	24835.98583
5.740 	24835.98584
5.745 	24835.98586
5.750 	24835.98587
5.755 	24835.98588
5.760 	24835.98589
5.765 	24835.9859
5.770 	24835.98592
5.775 	24835.98593
5.780 	24835.98594
5.785 	24835.98595
5.790 	24835.98596
5.795 	24835.98597
