0.800 	182844.3658
0.805 	175849.2966
0.810 	169090.8904
0.815 	162561.2822
0.820 	156252.8875
0.825 	150158.3922
0.830 	144270.7423
0.835 	138583.1341
0.840 	133089.0047
0.845 	127782.0235
0.850 	122656.0828
0.855 	117705.2899
0.860 	112923.9591
0.865 	108306.6036
0.870 	103847.9284
0.875 	99542.82308
0.880 	95386.35474
0.885 	91373.76154
0.890 	87500.44627
0.895 	83761.97023
0.900 	80154.04732
0.905 	76672.53837
0.910 	73313.44569
0.915 	70072.90784
0.920 	66947.19451
0.925 	63932.70177
0.930 	61025.94729
0.935 	58223.56596
0.940 	55522.30546
0.945 	52919.02218
0.950 	50410.67723
0.955 	47994.33251
0.960 	45667.14714
0.965 	43426.3738
0.970 	41269.35537
0.975 	39193.52162
0.980 	37196.38606
0.985 	35275.54292
0.990 	33428.66417
0.995 	31653.49678
1.000 	29947.85995
1.005 	28309.64257
1.010 	26736.80069
1.015 	25227.35511
1.020 	23779.38909
1.025 	22391.04613
1.030 	21060.52779
1.035 	19786.09169
1.040 	18566.0495
1.045 	17398.76505
1.050 	16282.65249
1.055 	15216.17454
1.060 	14197.84083
1.065 	13226.20619
1.070 	12299.86919
1.075 	11417.47054
1.080 	10577.69172
1.085 	9779.25354
1.090 	9020.914805
1.095 	8301.471047
1.100 	7619.753271
1.105 	6974.626765
1.110 	6364.989951
1.115 	5789.773285
1.120 	5247.93819
1.125 	4738.476035
1.130 	4260.407151
1.135 	3812.779886
1.140 	3394.669688
1.145 	3005.178234
1.150 	2643.432578
1.155 	2308.584344
1.160 	1999.80894
1.165 	1716.304801
1.170 	1457.29267
1.175 	1222.01489
1.180 	1009.734735
1.185 	819.735761
1.190 	651.3211782
1.195 	503.8132497
1.200 	376.5527101
1.205 	268.8982063
1.210 	180.2257574
1.215 	109.9282344
1.220 	57.41485887
1.225 	22.11071887
1.230 	3.456302559
1.235 	0.907048015
1.240 	13.93290897
1.245 	42.01793579
1.250 	84.65987102
1.255 	141.369759
1.260 	211.6715691
1.265 	295.1018314
1.270 	391.2092858
1.275 	499.5545418
1.280 	619.7097511
1.285 	751.25829
1.290 	893.7944535
1.295 	1046.923159
1.300 	1210.259659
1.305 	1383.429266
1.310 	1566.067082
1.315 	1757.817742
1.320 	1958.335162
1.325 	2167.282294
1.330 	2384.330894
1.335 	2609.161294
1.340 	2841.462178
1.345 	3080.930373
1.350 	3327.270639
1.355 	3580.195469
1.360 	3839.424894
1.365 	4104.686295
1.370 	4375.71422
1.375 	4652.250205
1.380 	4934.042604
1.385 	5220.84642
1.390 	5512.423142
1.395 	5808.540589
1.400 	6108.972755
1.405 	6413.499663
1.410 	6721.907215
1.415 	7033.987058
1.420 	7349.536443
1.425 	7668.35809
1.430 	7990.260066
1.435 	8315.055652
1.440 	8642.563222
1.445 	8972.606127
1.450 	9305.012575
1.455 	9639.61552
1.460 	9976.252552
1.465 	10314.76579
1.470 	10655.00176
1.475 	10996.81135
1.480 	11340.04962
1.485 	11684.57578
1.490 	12030.25308
1.495 	12376.94869
1.500 	12724.53363
1.505 	13072.88269
1.510 	13421.87431
1.515 	13771.39057
1.520 	14121.31699
1.525 	14471.54258
1.530 	14821.95967
1.535 	15172.46386
1.540 	15522.95397
1.545 	15873.33193
1.550 	16223.50273
1.555 	16573.37436
1.560 	16922.8577
1.565 	17271.8665
1.570 	17620.3173
1.575 	17968.12935
1.580 	18315.22457
1.585 	18661.52747
1.590 	19006.96511
1.595 	19351.46702
1.600 	19694.96516
1.605 	20037.39386
1.610 	20378.68976
1.615 	20718.79176
1.620 	21057.64097
1.625 	21395.18064
1.630 	21731.35615
1.635 	22066.11492
1.640 	22399.40639
1.645 	22731.18193
1.650 	23061.39486
1.655 	23390.00035
1.660 	23716.95539
1.665 	24042.21877
1.670 	24365.75099
1.675 	24687.51427
1.680 	25007.47246
1.685 	25325.59105
1.690 	25641.83709
1.695 	25956.17917
1.700 	26268.58737
1.705 	26579.03324
1.710 	26887.48975
1.715 	27193.93127
1.720 	27498.3335
1.725 	27800.6735
1.730 	28100.92956
1.735 	28399.08129
1.740 	28695.10945
1.745 	28988.99606
1.750 	29280.72424
1.755 	29570.27827
1.760 	29857.64353
1.765 	30142.80645
1.770 	30425.75451
1.775 	30706.47621
1.780 	30984.96104
1.785 	31261.19942
1.790 	31535.18272
1.795 	31806.90323
1.800 	32076.35411
1.805 	32343.52936
1.810 	32608.42383
1.815 	32871.03319
1.820 	33131.35386
1.825 	33389.38306
1.830 	33645.11871
1.835 	33898.5595
1.840 	34149.70477
1.845 	34398.55455
1.850 	34645.10954
1.855 	34889.37105
1.860 	35131.34103
1.865 	35371.02201
1.870 	35608.41711
1.875 	35843.52999
1.880 	36076.36487
1.885 	36306.92649
1.890 	36535.22008
1.895 	36761.25137
1.900 	36985.02658
1.905 	37206.55235
1.910 	37425.83579
1.915 	37642.88442
1.920 	37857.70618
1.925 	38070.30939
1.930 	38280.70277
1.935 	38488.8954
1.940 	38694.89669
1.945 	38898.71643
1.950 	39100.36469
1.955 	39299.8519
1.960 	39497.18876
1.965 	39692.38626
1.970 	39885.45567
1.975 	40076.40854
1.980 	40265.25664
1.985 	40452.01201
1.990 	40636.68692
1.995 	40819.29383
2.000 	40999.84545
2.005 	41178.35466
2.010 	41354.83454
2.015 	41529.29836
2.020 	41701.75954
2.025 	41872.23167
2.030 	42040.7285
2.035 	42207.26392
2.040 	42371.85195
2.045 	42534.50674
2.050 	42695.24256
2.055 	42854.0738
2.060 	43011.01492
2.065 	43166.08052
2.070 	43319.28526
2.075 	43470.64389
2.080 	43620.17123
2.085 	43767.88218
2.090 	43913.7917
2.095 	44057.91478
2.100 	44200.2665
2.105 	44340.86194
2.110 	44479.71626
2.115 	44616.84462
2.120 	44752.26222
2.125 	44885.98427
2.130 	45018.02601
2.135 	45148.40269
2.140 	45277.12956
2.145 	45404.22187
2.150 	45529.69486
2.155 	45653.56378
2.160 	45775.84386
2.165 	45896.55031
2.170 	46015.69832
2.175 	46133.30307
2.180 	46249.37969
2.185 	46363.9433
2.190 	46477.00897
2.195 	46588.59174
2.200 	46698.70661
2.205 	46807.36852
2.210 	46914.59238
2.215 	47020.39304
2.220 	47124.7853
2.225 	47227.78391
2.230 	47329.40355
2.235 	47429.65884
2.240 	47528.56434
2.245 	47626.13455
2.250 	47722.38389
2.255 	47817.32671
2.260 	47910.97731
2.265 	48003.34988
2.270 	48094.45856
2.275 	48184.3174
2.280 	48272.94038
2.285 	48360.34138
2.290 	48446.53422
2.295 	48531.53262
2.300 	48615.35021
2.305 	48698.00056
2.310 	48779.49712
2.315 	48859.85326
2.320 	48939.08226
2.325 	49017.19732
2.330 	49094.21152
2.335 	49170.13788
2.340 	49244.9893
2.345 	49318.77858
2.350 	49391.51845
2.355 	49463.22152
2.360 	49533.9003
2.365 	49603.56723
2.370 	49672.23461
2.375 	49739.91468
2.380 	49806.61954
2.385 	49872.36123
2.390 	49937.15165
2.395 	50001.00263
2.400 	50063.92589
2.405 	50125.93302
2.410 	50187.03555
2.415 	50247.24489
2.420 	50306.57233
2.425 	50365.02909
2.430 	50422.62626
2.435 	50479.37484
2.440 	50535.28572
2.445 	50590.36969
2.450 	50644.63745
2.455 	50698.09958
2.460 	50750.76656
2.465 	50802.64876
2.470 	50853.75648
2.475 	50904.09988
2.480 	50953.68904
2.485 	51002.53394
2.490 	51050.64443
2.495 	51098.03029
2.500 	51144.7012
2.505 	51190.66671
2.510 	51235.93629
2.515 	51280.51932
2.520 	51324.42505
2.525 	51367.66267
2.530 	51410.24124
2.535 	51452.16973
2.540 	51493.45702
2.545 	51534.11189
2.550 	51574.14301
2.555 	51613.55898
2.560 	51652.36827
2.565 	51690.57929
2.570 	51728.20033
2.575 	51765.2396
2.580 	51801.70521
2.585 	51837.60518
2.590 	51872.94743
2.595 	51907.73979
2.600 	51941.99002
2.605 	51975.70576
2.610 	52008.89457
2.615 	52041.56393
2.620 	52073.72123
2.625 	52105.37375
2.630 	52136.5287
2.635 	52167.19322
2.640 	52197.37433
2.645 	52227.07898
2.650 	52256.31405
2.655 	52285.08631
2.660 	52313.40246
2.665 	52341.26911
2.670 	52368.69281
2.675 	52395.67999
2.680 	52422.23704
2.685 	52448.37024
2.690 	52474.08581
2.695 	52499.38988
2.700 	52524.2885
2.705 	52548.78766
2.710 	52572.89325
2.715 	52596.61111
2.720 	52619.94698
2.725 	52642.90654
2.730 	52665.4954
2.735 	52687.71908
2.740 	52709.58304
2.745 	52731.09267
2.750 	52752.25329
2.755 	52773.07013
2.760 	52793.54838
2.765 	52813.69315
2.770 	52833.50947
2.775 	52853.00232
2.780 	52872.17659
2.785 	52891.03714
2.790 	52909.58873
2.795 	52927.83608
2.800 	52945.78383
2.805 	52963.43656
2.810 	52980.79879
2.815 	52997.87498
2.820 	53014.66953
2.825 	53031.18678
2.830 	53047.431
2.835 	53063.40641
2.840 	53079.11717
2.845 	53094.56738
2.850 	53109.76108
2.855 	53124.70226
2.860 	53139.39486
2.865 	53153.84274
2.870 	53168.04974
2.875 	53182.01962
2.880 	53195.75609
2.885 	53209.26281
2.890 	53222.5434
2.895 	53235.60142
2.900 	53248.44036
2.905 	53261.0637
2.910 	53273.47483
2.915 	53285.67711
2.920 	53297.67386
2.925 	53309.46833
2.930 	53321.06374
2.935 	53332.46326
2.940 	53343.67002
2.945 	53354.68708
2.950 	53365.51748
2.955 	53376.1642
2.960 	53386.63019
2.965 	53396.91836
2.970 	53407.03154
2.975 	53416.97257
2.980 	53426.74422
2.985 	53436.34921
2.990 	53445.79024
2.995 	53455.06995
3.000 	53464.19097
3.005 	53473.15587
3.010 	53481.96717
3.015 	53490.62738
3.020 	53499.13895
3.025 	53507.5043
3.030 	53515.72583
3.035 	53523.80588
3.040 	53531.74675
3.045 	53539.55075
3.050 	53547.22009
3.055 	53554.757
3.060 	53562.16365
3.065 	53569.44219
3.070 	53576.59472
3.075 	53583.62332
3.080 	53590.53003
3.085 	53597.31688
3.090 	53603.98584
3.095 	53610.53886
3.100 	53616.97788
3.105 	53623.30477
3.110 	53629.52141
3.115 	53635.62963
3.120 	53641.63122
3.125 	53647.52798
3.130 	53653.32165
3.135 	53659.01396
3.140 	53664.60659
3.145 	53670.10122
3.150 	53675.49949
3.155 	53680.80301
3.160 	53686.01338
3.165 	53691.13217
3.170 	53696.16091
3.175 	53701.10112
3.180 	53705.95429
3.185 	53710.7219
3.190 	53715.40539
3.195 	53720.00618
3.200 	53724.52568
3.205 	53728.96525
3.210 	53733.32627
3.215 	53737.61005
3.220 	53741.81791
3.225 	53745.95115
3.230 	53750.01103
3.235 	53753.99881
3.240 	53757.91572
3.245 	53761.76296
3.250 	53765.54173
3.255 	53769.2532
3.260 	53772.89852
3.265 	53776.47882
3.270 	53779.99522
3.275 	53783.44882
3.280 	53786.8407
3.285 	53790.17192
3.290 	53793.44352
3.295 	53796.65653
3.300 	53799.81196
3.305 	53802.91081
3.310 	53805.95405
3.315 	53808.94265
3.320 	53811.87754
3.325 	53814.75967
3.330 	53817.58994
3.335 	53820.36926
3.340 	53823.0985
3.345 	53825.77855
3.350 	53828.41026
3.355 	53830.99446
3.360 	53833.53199
3.365 	53836.02366
3.370 	53838.47027
3.375 	53840.87261
3.380 	53843.23145
3.385 	53845.54755
3.390 	53847.82166
3.395 	53850.05452
3.400 	53852.24685
3.405 	53854.39936
3.410 	53856.51276
3.415 	53858.58772
3.420 	53860.62493
3.425 	53862.62504
3.430 	53864.58872
3.435 	53866.51661
3.440 	53868.40933
3.445 	53870.26751
3.450 	53872.09176
3.455 	53873.88268
3.460 	53875.64086
3.465 	53877.36687
3.470 	53879.0613
3.475 	53880.72469
3.480 	53882.35761
3.485 	53883.96058
3.490 	53885.53415
3.495 	53887.07884
3.500 	53888.59516
3.505 	53890.08361
3.510 	53891.5447
3.515 	53892.97891
3.520 	53894.38673
3.525 	53895.76861
3.530 	53897.12503
3.535 	53898.45645
3.540 	53899.7633
3.545 	53901.04604
3.550 	53902.30508
3.555 	53903.54087
3.560 	53904.7538
3.565 	53905.94431
3.570 	53907.11278
3.575 	53908.25962
3.580 	53909.38521
3.585 	53910.48994
3.590 	53911.57418
3.595 	53912.63831
3.600 	53913.68268
3.605 	53914.70765
3.610 	53915.71357
3.615 	53916.7008
3.620 	53917.66965
3.625 	53918.62048
3.630 	53919.5536
3.635 	53920.46934
3.640 	53921.36801
3.645 	53922.24991
3.650 	53923.11537
3.655 	53923.96467
3.660 	53924.7981
3.665 	53925.61597
3.670 	53926.41854
3.675 	53927.2061
3.680 	53927.97892
3.685 	53928.73728
3.690 	53929.48143
3.695 	53930.21163
3.700 	53930.92815
3.705 	53931.63122
3.710 	53932.3211
3.715 	53932.99803
3.720 	53933.66224
3.725 	53934.31397
3.730 	53934.95344
3.735 	53935.58089
3.740 	53936.19652
3.745 	53936.80057
3.750 	53937.39324
3.755 	53937.97474
3.760 	53938.54527
3.765 	53939.10504
3.770 	53939.65425
3.775 	53940.19309
3.780 	53940.72176
3.785 	53941.24043
3.790 	53941.7493
3.795 	53942.24854
3.800 	53942.73834
3.805 	53943.21886
3.810 	53943.69029
3.815 	53944.15278
3.820 	53944.6065
3.825 	53945.05163
3.830 	53945.4883
3.835 	53945.91669
3.840 	53946.33695
3.845 	53946.74922
3.850 	53947.15366
3.855 	53947.55041
3.860 	53947.93961
3.865 	53948.32141
3.870 	53948.69594
3.875 	53949.06333
3.880 	53949.42373
3.885 	53949.77726
3.890 	53950.12404
3.895 	53950.46422
3.900 	53950.7979
3.905 	53951.12521
3.910 	53951.44627
3.915 	53951.76119
3.920 	53952.07009
3.925 	53952.37309
3.930 	53952.67029
3.935 	53952.96181
3.940 	53953.24774
3.945 	53953.5282
3.950 	53953.80328
3.955 	53954.07309
3.960 	53954.33773
3.965 	53954.59729
3.970 	53954.85187
3.975 	53955.10156
3.980 	53955.34645
3.985 	53955.58665
3.990 	53955.82222
3.995 	53956.05327
4.000 	53956.27987
4.005 	53956.50211
4.010 	53956.72007
4.015 	53956.93384
4.020 	53957.14348
4.025 	53957.34909
4.030 	53957.55074
4.035 	53957.74849
4.040 	53957.94243
4.045 	53958.13263
4.050 	53958.31915
4.055 	53958.50207
4.060 	53958.68146
4.065 	53958.85738
4.070 	53959.0299
4.075 	53959.19908
4.080 	53959.36499
4.085 	53959.52769
4.090 	53959.68723
4.095 	53959.84369
4.100 	53959.99712
4.105 	53960.14757
4.110 	53960.2951
4.115 	53960.43977
4.120 	53960.58164
4.125 	53960.72075
4.130 	53960.85716
4.135 	53960.99091
4.140 	53961.12208
4.145 	53961.25069
4.150 	53961.3768
4.155 	53961.50045
4.160 	53961.6217
4.165 	53961.74059
4.170 	53961.85717
4.175 	53961.97147
4.180 	53962.08355
4.185 	53962.19345
4.190 	53962.3012
4.195 	53962.40684
4.200 	53962.51043
4.205 	53962.612
4.210 	53962.71158
4.215 	53962.80922
4.220 	53962.90495
4.225 	53962.99881
4.230 	53963.09083
4.235 	53963.18106
4.240 	53963.26952
4.245 	53963.35625
4.250 	53963.44128
4.255 	53963.52464
4.260 	53963.60638
4.265 	53963.68651
4.270 	53963.76507
4.275 	53963.84209
4.280 	53963.9176
4.285 	53963.99163
4.290 	53964.0642
4.295 	53964.13536
4.300 	53964.20511
4.305 	53964.27349
4.310 	53964.34053
4.315 	53964.40626
4.320 	53964.47069
4.325 	53964.53385
4.330 	53964.59577
4.335 	53964.65647
4.340 	53964.71598
4.345 	53964.77431
4.350 	53964.8315
4.355 	53964.88756
4.360 	53964.94251
4.365 	53964.99638
4.370 	53965.04919
4.375 	53965.10096
4.380 	53965.1517
4.385 	53965.20144
4.390 	53965.2502
4.395 	53965.298
4.400 	53965.34486
4.405 	53965.39078
4.410 	53965.4358
4.415 	53965.47993
4.420 	53965.52319
4.425 	53965.56559
4.430 	53965.60715
4.435 	53965.64789
4.440 	53965.68782
4.445 	53965.72697
4.450 	53965.76533
4.455 	53965.80294
4.460 	53965.8398
4.465 	53965.87592
4.470 	53965.91134
4.475 	53965.94605
4.480 	53965.98007
4.485 	53966.01341
4.490 	53966.0461
4.495 	53966.07813
4.500 	53966.10953
4.505 	53966.1403
4.510 	53966.17046
4.515 	53966.20002
4.520 	53966.229
4.525 	53966.25739
4.530 	53966.28523
4.535 	53966.3125
4.540 	53966.33924
4.545 	53966.36544
4.550 	53966.39112
4.555 	53966.41629
4.560 	53966.44096
4.565 	53966.46513
4.570 	53966.48882
4.575 	53966.51204
4.580 	53966.5348
4.585 	53966.5571
4.590 	53966.57896
4.595 	53966.60038
4.600 	53966.62137
4.605 	53966.64195
4.610 	53966.66211
4.615 	53966.68187
4.620 	53966.70123
4.625 	53966.72021
4.630 	53966.7388
4.635 	53966.75703
4.640 	53966.77489
4.645 	53966.79239
4.650 	53966.80954
4.655 	53966.82635
4.660 	53966.84282
4.665 	53966.85896
4.670 	53966.87478
4.675 	53966.89028
4.680 	53966.90547
4.685 	53966.92036
4.690 	53966.93494
4.695 	53966.94924
4.700 	53966.96324
4.705 	53966.97697
4.710 	53966.99042
4.715 	53967.00359
4.720 	53967.01651
4.725 	53967.02916
4.730 	53967.04156
4.735 	53967.05371
4.740 	53967.06562
4.745 	53967.07729
4.750 	53967.08872
4.755 	53967.09992
4.760 	53967.1109
4.765 	53967.12165
4.770 	53967.13219
4.775 	53967.14252
4.780 	53967.15263
4.785 	53967.16255
4.790 	53967.17226
4.795 	53967.18178
4.800 	53967.19111
4.805 	53967.20025
4.810 	53967.2092
4.815 	53967.21797
4.820 	53967.22657
4.825 	53967.23499
4.830 	53967.24324
4.835 	53967.25133
4.840 	53967.25925
4.845 	53967.26701
4.850 	53967.27461
4.855 	53967.28206
4.860 	53967.28936
4.865 	53967.29652
4.870 	53967.30352
4.875 	53967.31039
4.880 	53967.31712
4.885 	53967.32371
4.890 	53967.33016
4.895 	53967.33649
4.900 	53967.34269
4.905 	53967.34876
4.910 	53967.35471
4.915 	53967.36054
4.920 	53967.36625
4.925 	53967.37184
4.930 	53967.37733
4.935 	53967.38269
4.940 	53967.38796
4.945 	53967.39311
4.950 	53967.39816
4.955 	53967.40311
4.960 	53967.40795
4.965 	53967.4127
4.970 	53967.41735
4.975 	53967.42191
4.980 	53967.42637
4.985 	53967.43074
4.990 	53967.43503
4.995 	53967.43922
5.000 	53967.44334
5.005 	53967.44736
5.010 	53967.45131
5.015 	53967.45518
5.020 	53967.45896
5.025 	53967.46267
5.030 	53967.46631
5.035 	53967.46987
5.040 	53967.47335
5.045 	53967.47677
5.050 	53967.48012
5.055 	53967.48339
5.060 	53967.48661
5.065 	53967.48975
5.070 	53967.49283
5.075 	53967.49585
5.080 	53967.49881
5.085 	53967.50171
5.090 	53967.50454
5.095 	53967.50732
5.100 	53967.51005
5.105 	53967.51271
5.110 	53967.51532
5.115 	53967.51788
5.120 	53967.52039
5.125 	53967.52285
5.130 	53967.52525
5.135 	53967.52761
5.140 	53967.52992
5.145 	53967.53218
5.150 	53967.53439
5.155 	53967.53656
5.160 	53967.53868
5.165 	53967.54076
5.170 	53967.5428
5.175 	53967.5448
5.180 	53967.54676
5.185 	53967.54867
5.190 	53967.55055
5.195 	53967.55238
5.200 	53967.55418
5.205 	53967.55595
5.210 	53967.55767
5.215 	53967.55937
5.220 	53967.56102
5.225 	53967.56265
5.230 	53967.56424
5.235 	53967.56579
5.240 	53967.56732
5.245 	53967.56881
5.250 	53967.57027
5.255 	53967.57171
5.260 	53967.57311
5.265 	53967.57448
5.270 	53967.57583
5.275 	53967.57715
5.280 	53967.57844
5.285 	53967.5797
5.290 	53967.58094
5.295 	53967.58216
5.300 	53967.58334
5.305 	53967.58451
5.310 	53967.58565
5.315 	53967.58676
5.320 	53967.58786
5.325 	53967.58893
5.330 	53967.58998
5.335 	53967.591
5.340 	53967.59201
5.345 	53967.59299
5.350 	53967.59396
5.355 	53967.5949
5.360 	53967.59583
5.365 	53967.59673
5.370 	53967.59762
5.375 	53967.59849
5.380 	53967.59934
5.385 	53967.60018
5.390 	53967.60099
5.395 	53967.60179
5.400 	53967.60258
5.405 	53967.60334
5.410 	53967.60409
5.415 	53967.60483
5.420 	53967.60555
5.425 	53967.60626
5.430 	53967.60695
5.435 	53967.60762
5.440 	53967.60829
5.445 	53967.60893
5.450 	53967.60957
5.455 	53967.61019
5.460 	53967.6108
5.465 	53967.6114
5.470 	53967.61198
5.475 	53967.61255
5.480 	53967.61311
5.485 	53967.61366
5.490 	53967.6142
5.495 	53967.61473
5.500 	53967.61524
5.505 	53967.61575
5.510 	53967.61624
5.515 	53967.61673
5.520 	53967.6172
5.525 	53967.61766
5.530 	53967.61812
5.535 	53967.61856
5.540 	53967.619
5.545 	53967.61943
5.550 	53967.61984
5.555 	53967.62025
5.560 	53967.62065
5.565 	53967.62105
5.570 	53967.62143
5.575 	53967.62181
5.580 	53967.62217
5.585 	53967.62254
5.590 	53967.62289
5.595 	53967.62323
5.600 	53967.62357
5.605 	53967.6239
5.610 	53967.62423
5.615 	53967.62455
5.620 	53967.62486
5.625 	53967.62516
5.630 	53967.62546
5.635 	53967.62575
5.640 	53967.62604
5.645 	53967.62632
5.650 	53967.6266
5.655 	53967.62686
5.660 	53967.62713
5.665 	53967.62739
5.670 	53967.62764
5.675 	53967.62788
5.680 	53967.62813
5.685 	53967.62836
5.690 	53967.62859
5.695 	53967.62882
5.700 	53967.62904
5.705 	53967.62926
5.710 	53967.62948
5.715 	53967.62968
5.720 	53967.62989
5.725 	53967.63009
5.730 	53967.63028
5.735 	53967.63048
5.740 	53967.63066
5.745 	53967.63085
5.750 	53967.63103
5.755 	53967.6312
5.760 	53967.63138
5.765 	53967.63155
5.770 	53967.63171
5.775 	53967.63187
5.780 	53967.63203
5.785 	53967.63219
5.790 	53967.63234
5.795 	53967.63249
