0.800 	148981.8353
0.805 	142634.7538
0.810 	136502.4923
0.815 	130579.0866
0.820 	124858.7214
0.825 	119335.7272
0.830 	114004.5763
0.835 	108859.8801
0.840 	103896.3853
0.845 	99108.97108
0.850 	94492.64605
0.855 	90042.54493
0.860 	85753.92577
0.865 	81622.16703
0.870 	77642.76473
0.875 	73811.32967
0.880 	70123.58474
0.885 	66575.36228
0.890 	63162.60143
0.895 	59881.3457
0.900 	56727.74038
0.905 	53698.03022
0.910 	50788.55701
0.915 	47995.75727
0.920 	45316.16
0.925 	42746.38449
0.930 	40283.13812
0.935 	37923.21428
0.940 	35663.4903
0.945 	33500.92542
0.950 	31432.55884
0.955 	29455.50777
0.960 	27566.96556
0.965 	25764.19988
0.970 	24044.55088
0.975 	22405.42946
0.980 	20844.31556
0.985 	19358.75643
0.990 	17946.36508
0.995 	16604.81859
1.000 	15331.85658
1.005 	14125.2797
1.010 	12982.9481
1.015 	11902.77999
1.020 	10882.75019
1.025 	9920.888779
1.030 	9015.279683
1.035 	8164.059378
1.040 	7365.415574
1.045 	6617.58595
1.050 	5918.856914
1.055 	5267.562386
1.060 	4662.082619
1.065 	4100.84304
1.070 	3582.313121
1.075 	3105.005274
1.080 	2667.473776
1.085 	2268.313714
1.090 	1906.159958
1.095 	1579.686158
1.100 	1287.60376
1.105 	1028.661054
1.110 	801.642232
1.115 	605.3664817
1.120 	438.6870906
1.125 	300.4905769
1.130 	189.6958392
1.135 	105.2533264
1.140 	46.14422758
1.145 	11.37968065
1.150 	0
1.155 	11.07392246
1.160 	43.69787115
1.165 	96.9952369
1.170 	170.1156768
1.175 	262.2344295
1.180 	372.5516469
1.185 	500.2917417
1.190 	644.702751
1.195 	805.0557145
1.200 	980.6440687
1.205 	1170.783054
1.210 	1374.809139
1.215 	1592.079455
1.220 	1821.971247
1.225 	2063.881337
1.230 	2317.2256
1.235 	2581.438454
1.240 	2855.972361
1.245 	3140.29734
1.250 	3433.900495
1.255 	3736.285549
1.260 	4046.972396
1.265 	4365.496659
1.270 	4691.409257
1.275 	5024.275994
1.280 	5363.677144
1.285 	5709.207054
1.290 	6060.473756
1.295 	6417.098588
1.300 	6778.715824
1.305 	7144.972316
1.310 	7515.527137
1.315 	7890.051245
1.320 	8268.227144
1.325 	8649.74856
1.330 	9034.320126
1.335 	9421.657068
1.340 	9811.484906
1.345 	10203.53916
1.350 	10597.56507
1.355 	10993.31729
1.360 	11390.55965
1.365 	11789.06489
1.370 	12188.61435
1.375 	12588.99779
1.380 	12990.01309
1.385 	13391.46605
1.390 	13793.17011
1.395 	14194.94617
1.400 	14596.62236
1.405 	14998.03379
1.410 	15399.02237
1.415 	15799.43661
1.420 	16199.13141
1.425 	16597.96786
1.430 	16995.81305
1.435 	17392.53993
1.440 	17788.02705
1.445 	18182.15847
1.450 	18574.82351
1.455 	18965.91668
1.460 	19355.33741
1.465 	19742.98999
1.470 	20128.78336
1.475 	20512.63097
1.480 	20894.45067
1.485 	21274.16452
1.490 	21651.69868
1.495 	22026.98329
1.500 	22399.95231
1.505 	22770.54342
1.510 	23138.69786
1.515 	23504.36038
1.520 	23867.47906
1.525 	24228.0052
1.530 	24585.89327
1.535 	24941.10072
1.540 	25293.58797
1.545 	25643.31821
1.550 	25990.25738
1.555 	26334.37404
1.560 	26675.63929
1.565 	27014.02666
1.570 	27349.51204
1.575 	27682.0736
1.580 	28011.6917
1.585 	28338.34881
1.590 	28662.02941
1.595 	28982.71997
1.600 	29300.40882
1.605 	29615.08611
1.610 	29926.74373
1.615 	30235.37525
1.620 	30540.97584
1.625 	30843.54222
1.630 	31143.07262
1.635 	31439.56665
1.640 	31733.02533
1.645 	32023.45098
1.650 	32310.84716
1.655 	32595.21865
1.660 	32876.57138
1.665 	33154.9124
1.670 	33430.2498
1.675 	33702.59267
1.680 	33971.95108
1.685 	34238.33602
1.690 	34501.75935
1.695 	34762.23378
1.700 	35019.7728
1.705 	35274.39067
1.710 	35526.10236
1.715 	35774.92354
1.720 	36020.87051
1.725 	36263.96022
1.730 	36504.21016
1.735 	36741.63839
1.740 	36976.26351
1.745 	37208.10458
1.750 	37437.18114
1.755 	37663.51316
1.760 	37887.12101
1.765 	38108.02545
1.770 	38326.24761
1.775 	38541.80892
1.780 	38754.73115
1.785 	38965.03633
1.790 	39172.74678
1.795 	39377.88504
1.800 	39580.47389
1.805 	39780.53631
1.810 	39978.09546
1.815 	40173.17467
1.820 	40365.79742
1.825 	40555.98732
1.830 	40743.76811
1.835 	40929.1636
1.840 	41112.19771
1.845 	41292.89442
1.850 	41471.27779
1.855 	41647.37188
1.860 	41821.20082
1.865 	41992.78875
1.870 	42162.15979
1.875 	42329.33809
1.880 	42494.34778
1.885 	42657.21293
1.890 	42817.95761
1.895 	42976.60583
1.900 	43133.18155
1.905 	43287.70866
1.910 	43440.21098
1.915 	43590.71225
1.920 	43739.23612
1.925 	43885.80616
1.930 	44030.4458
1.935 	44173.1784
1.940 	44314.0272
1.945 	44453.01528
1.950 	44590.16565
1.955 	44725.50115
1.960 	44859.04449
1.965 	44990.81823
1.970 	45120.84481
1.975 	45249.14649
1.980 	45375.74539
1.985 	45500.66346
1.990 	45623.92249
1.995 	45745.54412
2.000 	45865.54979
2.005 	45983.96079
2.010 	46100.79824
2.015 	46216.08305
2.020 	46329.83598
2.025 	46442.0776
2.030 	46552.82829
2.035 	46662.10824
2.040 	46769.93747
2.045 	46876.33578
2.050 	46981.32281
2.055 	47084.91798
2.060 	47187.14054
2.065 	47288.00954
2.070 	47387.54381
2.075 	47485.76203
2.080 	47582.68263
2.085 	47678.32388
2.090 	47772.70385
2.095 	47865.84038
2.100 	47957.75116
2.105 	48048.45364
2.110 	48137.9651
2.115 	48226.30259
2.120 	48313.483
2.125 	48399.52301
2.130 	48484.43907
2.135 	48568.24748
2.140 	48650.96433
2.145 	48732.60549
2.150 	48813.18666
2.155 	48892.72334
2.160 	48971.23083
2.165 	49048.72425
2.170 	49125.21851
2.175 	49200.72835
2.180 	49275.26831
2.185 	49348.85273
2.190 	49421.49577
2.195 	49493.21142
2.200 	49564.01346
2.205 	49633.91551
2.210 	49702.93097
2.215 	49771.0731
2.220 	49838.35496
2.225 	49904.78942
2.230 	49970.38919
2.235 	50035.16681
2.240 	50099.13462
2.245 	50162.3048
2.250 	50224.68936
2.255 	50286.30014
2.260 	50347.14881
2.265 	50407.24687
2.270 	50466.60565
2.275 	50525.23633
2.280 	50583.14991
2.285 	50640.35725
2.290 	50696.86902
2.295 	50752.69577
2.300 	50807.84786
2.305 	50862.33552
2.310 	50916.16882
2.315 	50969.35766
2.320 	51021.91181
2.325 	51073.84089
2.330 	51125.15438
2.335 	51175.8616
2.340 	51225.97173
2.345 	51275.49382
2.350 	51324.43676
2.355 	51372.80933
2.360 	51420.62015
2.365 	51467.87772
2.370 	51514.59039
2.375 	51560.76639
2.380 	51606.41383
2.385 	51651.54067
2.390 	51696.15475
2.395 	51740.26381
2.400 	51783.87542
2.405 	51826.99707
2.410 	51869.63611
2.415 	51911.79978
2.420 	51953.49519
2.425 	51994.72934
2.430 	52035.50913
2.435 	52075.84133
2.440 	52115.73261
2.445 	52155.18952
2.450 	52194.21852
2.455 	52232.82593
2.460 	52271.01802
2.465 	52308.80089
2.470 	52346.1806
2.475 	52383.16307
2.480 	52419.75414
2.485 	52455.95954
2.490 	52491.78492
2.495 	52527.23581
2.500 	52562.31768
2.505 	52597.03588
2.510 	52631.39568
2.515 	52665.40227
2.520 	52699.06073
2.525 	52732.37608
2.530 	52765.35324
2.535 	52797.99705
2.540 	52830.31226
2.545 	52862.30355
2.550 	52893.97552
2.555 	52925.33267
2.560 	52956.37946
2.565 	52987.12024
2.570 	53017.5593
2.575 	53047.70086
2.580 	53077.54905
2.585 	53107.10796
2.590 	53136.38157
2.595 	53165.37383
2.600 	53194.08859
2.605 	53222.52965
2.610 	53250.70074
2.615 	53278.60553
2.620 	53306.24762
2.625 	53333.63056
2.630 	53360.75781
2.635 	53387.6328
2.640 	53414.25888
2.645 	53440.63936
2.650 	53466.77749
2.655 	53492.67644
2.660 	53518.33935
2.665 	53543.76929
2.670 	53568.96929
2.675 	53593.94232
2.680 	53618.6913
2.685 	53643.21909
2.690 	53667.52852
2.695 	53691.62235
2.700 	53715.50331
2.705 	53739.17406
2.710 	53762.63724
2.715 	53785.89542
2.720 	53808.95115
2.725 	53831.80691
2.730 	53854.46516
2.735 	53876.9283
2.740 	53899.1987
2.745 	53921.27868
2.750 	53943.17052
2.755 	53964.87648
2.760 	53986.39875
2.765 	54007.7395
2.770 	54028.90087
2.775 	54049.88495
2.780 	54070.6938
2.785 	54091.32943
2.790 	54111.79384
2.795 	54132.08899
2.800 	54152.21678
2.805 	54172.17912
2.810 	54191.97785
2.815 	54211.6148
2.820 	54231.09177
2.825 	54250.41051
2.830 	54269.57276
2.835 	54288.58023
2.840 	54307.43458
2.845 	54326.13748
2.850 	54344.69053
2.855 	54363.09533
2.860 	54381.35345
2.865 	54399.46642
2.870 	54417.43577
2.875 	54435.26298
2.880 	54452.94952
2.885 	54470.49682
2.890 	54487.90632
2.895 	54505.1794
2.900 	54522.31743
2.905 	54539.32176
2.910 	54556.19373
2.915 	54572.93464
2.920 	54589.54577
2.925 	54606.02839
2.930 	54622.38375
2.935 	54638.61308
2.940 	54654.71757
2.945 	54670.69841
2.950 	54686.55679
2.955 	54702.29384
2.960 	54717.9107
2.965 	54733.40848
2.970 	54748.78828
2.975 	54764.0512
2.980 	54779.19828
2.985 	54794.23058
2.990 	54809.14913
2.995 	54823.95496
3.000 	54838.64905
3.005 	54853.23241
3.010 	54867.70601
3.015 	54882.0708
3.020 	54896.32773
3.025 	54910.47773
3.030 	54924.52172
3.035 	54938.4606
3.040 	54952.29528
3.045 	54966.02662
3.050 	54979.65549
3.055 	54993.18276
3.060 	55006.60925
3.065 	55019.93582
3.070 	55033.16326
3.075 	55046.29241
3.080 	55059.32404
3.085 	55072.25896
3.090 	55085.09794
3.095 	55097.84174
3.100 	55110.49113
3.105 	55123.04685
3.110 	55135.50963
3.115 	55147.88022
3.120 	55160.15931
3.125 	55172.34764
3.130 	55184.44589
3.135 	55196.45476
3.140 	55208.37493
3.145 	55220.20708
3.150 	55231.95188
3.155 	55243.60998
3.160 	55255.18204
3.165 	55266.6687
3.170 	55278.0706
3.175 	55289.38836
3.180 	55300.62261
3.185 	55311.77397
3.190 	55322.84303
3.195 	55333.83041
3.200 	55344.7367
3.205 	55355.56247
3.210 	55366.30833
3.215 	55376.97483
3.220 	55387.56255
3.225 	55398.07206
3.230 	55408.5039
3.235 	55418.85864
3.240 	55429.13681
3.245 	55439.33896
3.250 	55449.46562
3.255 	55459.51732
3.260 	55469.49459
3.265 	55479.39793
3.270 	55489.22788
3.275 	55498.98493
3.280 	55508.66959
3.285 	55518.28237
3.290 	55527.82374
3.295 	55537.29421
3.300 	55546.69426
3.305 	55556.02437
3.310 	55565.28502
3.315 	55574.47668
3.320 	55583.59982
3.325 	55592.6549
3.330 	55601.64238
3.335 	55610.56273
3.340 	55619.41639
3.345 	55628.2038
3.350 	55636.92543
3.355 	55645.5817
3.360 	55654.17306
3.365 	55662.69993
3.370 	55671.16276
3.375 	55679.56196
3.380 	55687.89797
3.385 	55696.17119
3.390 	55704.38206
3.395 	55712.53098
3.400 	55720.61836
3.405 	55728.64462
3.410 	55736.61015
3.415 	55744.51536
3.420 	55752.36065
3.425 	55760.14641
3.430 	55767.87304
3.435 	55775.54093
3.440 	55783.15047
3.445 	55790.70203
3.450 	55798.19601
3.455 	55805.63278
3.460 	55813.01271
3.465 	55820.3362
3.470 	55827.60359
3.475 	55834.81528
3.480 	55841.97161
3.485 	55849.07296
3.490 	55856.11969
3.495 	55863.11216
3.500 	55870.05072
3.505 	55876.93574
3.510 	55883.76756
3.515 	55890.54654
3.520 	55897.27302
3.525 	55903.94734
3.530 	55910.56987
3.535 	55917.14093
3.540 	55923.66086
3.545 	55930.13001
3.550 	55936.54872
3.555 	55942.9173
3.560 	55949.2361
3.565 	55955.50545
3.570 	55961.72567
3.575 	55967.89709
3.580 	55974.02003
3.585 	55980.09482
3.590 	55986.12177
3.595 	55992.10121
3.600 	55998.03345
3.605 	56003.91881
3.610 	56009.7576
3.615 	56015.55012
3.620 	56021.2967
3.625 	56026.99763
3.630 	56032.65323
3.635 	56038.2638
3.640 	56043.82963
3.645 	56049.35104
3.650 	56054.82832
3.655 	56060.26176
3.660 	56065.65167
3.665 	56070.99833
3.670 	56076.30205
3.675 	56081.56311
3.680 	56086.7818
3.685 	56091.95841
3.690 	56097.09322
3.695 	56102.18652
3.700 	56107.2386
3.705 	56112.24973
3.710 	56117.22019
3.715 	56122.15027
3.720 	56127.04024
3.725 	56131.89037
3.730 	56136.70094
3.735 	56141.47223
3.740 	56146.20449
3.745 	56150.89801
3.750 	56155.55306
3.755 	56160.16989
3.760 	56164.74877
3.765 	56169.28997
3.770 	56173.79375
3.775 	56178.26037
3.780 	56182.69009
3.785 	56187.08316
3.790 	56191.43986
3.795 	56195.76042
3.800 	56200.04511
3.805 	56204.29417
3.810 	56208.50786
3.815 	56212.68643
3.820 	56216.83013
3.825 	56220.9392
3.830 	56225.01389
3.835 	56229.05445
3.840 	56233.06111
3.845 	56237.03413
3.850 	56240.97373
3.855 	56244.88016
3.860 	56248.75366
3.865 	56252.59447
3.870 	56256.40281
3.875 	56260.17893
3.880 	56263.92305
3.885 	56267.63541
3.890 	56271.31624
3.895 	56274.96576
3.900 	56278.58421
3.905 	56282.17181
3.910 	56285.72879
3.915 	56289.25536
3.920 	56292.75176
3.925 	56296.2182
3.930 	56299.6549
3.935 	56303.06209
3.940 	56306.43998
3.945 	56309.78879
3.950 	56313.10872
3.955 	56316.40001
3.960 	56319.66285
3.965 	56322.89746
3.970 	56326.10405
3.975 	56329.28284
3.980 	56332.43402
3.985 	56335.5578
3.990 	56338.6544
3.995 	56341.72401
4.000 	56344.76684
4.005 	56347.78309
4.010 	56350.77295
4.015 	56353.73664
4.020 	56356.67435
4.025 	56359.58627
4.030 	56362.47261
4.035 	56365.33355
4.040 	56368.1693
4.045 	56370.98004
4.050 	56373.76596
4.055 	56376.52726
4.060 	56379.26412
4.065 	56381.97674
4.070 	56384.6653
4.075 	56387.32999
4.080 	56389.97098
4.085 	56392.58847
4.090 	56395.18264
4.095 	56397.75366
4.100 	56400.30173
4.105 	56402.82701
4.110 	56405.32969
4.115 	56407.80995
4.120 	56410.26795
4.125 	56412.70387
4.130 	56415.1179
4.135 	56417.51019
4.140 	56419.88093
4.145 	56422.23028
4.150 	56424.55841
4.155 	56426.86549
4.160 	56429.1517
4.165 	56431.41718
4.170 	56433.66211
4.175 	56435.88666
4.180 	56438.09099
4.185 	56440.27525
4.190 	56442.43961
4.195 	56444.58423
4.200 	56446.70928
4.205 	56448.81489
4.210 	56450.90124
4.215 	56452.96849
4.220 	56455.01677
4.225 	56457.04626
4.230 	56459.05709
4.235 	56461.04943
4.240 	56463.02342
4.245 	56464.97922
4.250 	56466.91697
4.255 	56468.83682
4.260 	56470.73891
4.265 	56472.6234
4.270 	56474.49043
4.275 	56476.34014
4.280 	56478.17268
4.285 	56479.98819
4.290 	56481.7868
4.295 	56483.56866
4.300 	56485.33391
4.305 	56487.08268
4.310 	56488.81512
4.315 	56490.53136
4.320 	56492.23153
4.325 	56493.91577
4.330 	56495.58422
4.335 	56497.237
4.340 	56498.87425
4.345 	56500.4961
4.350 	56502.10267
4.355 	56503.6941
4.360 	56505.27052
4.365 	56506.83205
4.370 	56508.37882
4.375 	56509.91095
4.380 	56511.42857
4.385 	56512.93181
4.390 	56514.42077
4.395 	56515.8956
4.400 	56517.3564
4.405 	56518.8033
4.410 	56520.23642
4.415 	56521.65587
4.420 	56523.06177
4.425 	56524.45425
4.430 	56525.83341
4.435 	56527.19937
4.440 	56528.55225
4.445 	56529.89215
4.450 	56531.2192
4.455 	56532.53349
4.460 	56533.83515
4.465 	56535.12429
4.470 	56536.401
4.475 	56537.66541
4.480 	56538.91762
4.485 	56540.15773
4.490 	56541.38585
4.495 	56542.60209
4.500 	56543.80655
4.505 	56544.99934
4.510 	56546.18055
4.515 	56547.35029
4.520 	56548.50867
4.525 	56549.65577
4.530 	56550.79171
4.535 	56551.91658
4.540 	56553.03048
4.545 	56554.1335
4.550 	56555.22575
4.555 	56556.30731
4.560 	56557.3783
4.565 	56558.43879
4.570 	56559.48888
4.575 	56560.52867
4.580 	56561.55825
4.585 	56562.57771
4.590 	56563.58715
4.595 	56564.58664
4.600 	56565.57629
4.605 	56566.55617
4.610 	56567.52639
4.615 	56568.48702
4.620 	56569.43815
4.625 	56570.37988
4.630 	56571.31228
4.635 	56572.23543
4.640 	56573.14943
4.645 	56574.05436
4.650 	56574.9503
4.655 	56575.83733
4.660 	56576.71553
4.665 	56577.58499
4.670 	56578.44578
4.675 	56579.29798
4.680 	56580.14168
4.685 	56580.97695
4.690 	56581.80386
4.695 	56582.62251
4.700 	56583.43295
4.705 	56584.23527
4.710 	56585.02954
4.715 	56585.81585
4.720 	56586.59425
4.725 	56587.36483
4.730 	56588.12765
4.735 	56588.88279
4.740 	56589.63033
4.745 	56590.37033
4.750 	56591.10285
4.755 	56591.82798
4.760 	56592.54578
4.765 	56593.25633
4.770 	56593.95967
4.775 	56594.6559
4.780 	56595.34506
4.785 	56596.02724
4.790 	56596.70249
4.795 	56597.37087
4.800 	56598.03247
4.805 	56598.68733
4.810 	56599.33552
4.815 	56599.97711
4.820 	56600.61215
4.825 	56601.24072
4.830 	56601.86286
4.835 	56602.47865
4.840 	56603.08814
4.845 	56603.69139
4.850 	56604.28847
4.855 	56604.87942
4.860 	56605.46432
4.865 	56606.04321
4.870 	56606.61616
4.875 	56607.18321
4.880 	56607.74444
4.885 	56608.29989
4.890 	56608.84962
4.895 	56609.39368
4.900 	56609.93214
4.905 	56610.46503
4.910 	56610.99243
4.915 	56611.51437
4.920 	56612.03091
4.925 	56612.54211
4.930 	56613.04802
4.935 	56613.54868
4.940 	56614.04415
4.945 	56614.53448
4.950 	56615.01972
4.955 	56615.49992
4.960 	56615.97512
4.965 	56616.44538
4.970 	56616.91074
4.975 	56617.37126
4.980 	56617.82698
4.985 	56618.27794
4.990 	56618.72419
4.995 	56619.16578
5.000 	56619.60276
5.005 	56620.03517
5.010 	56620.46305
5.015 	56620.88645
5.020 	56621.30542
5.025 	56621.71999
5.030 	56622.13021
5.035 	56622.53612
5.040 	56622.93777
5.045 	56623.3352
5.050 	56623.72845
5.055 	56624.11756
5.060 	56624.50257
5.065 	56624.88352
5.070 	56625.26046
5.075 	56625.63342
5.080 	56626.00244
5.085 	56626.36756
5.090 	56626.72882
5.095 	56627.08626
5.100 	56627.43992
5.105 	56627.78983
5.110 	56628.13604
5.115 	56628.47857
5.120 	56628.81747
5.125 	56629.15278
5.130 	56629.48452
5.135 	56629.81273
5.140 	56630.13746
5.145 	56630.45873
5.150 	56630.77657
5.155 	56631.09104
5.160 	56631.40215
5.165 	56631.70994
5.170 	56632.01444
5.175 	56632.3157
5.180 	56632.61373
5.185 	56632.90858
5.190 	56633.20028
5.195 	56633.48885
5.200 	56633.77434
5.205 	56634.05676
5.210 	56634.33616
5.215 	56634.61256
5.220 	56634.88599
5.225 	56635.15648
5.230 	56635.42407
5.235 	56635.68878
5.240 	56635.95065
5.245 	56636.20969
5.250 	56636.46595
5.255 	56636.71944
5.260 	56636.9702
5.265 	56637.21826
5.270 	56637.46363
5.275 	56637.70636
5.280 	56637.94647
5.285 	56638.18398
5.290 	56638.41892
5.295 	56638.65131
5.300 	56638.88119
5.305 	56639.10858
5.310 	56639.33351
5.315 	56639.55599
5.320 	56639.77606
5.325 	56639.99375
5.330 	56640.20906
5.335 	56640.42204
5.340 	56640.6327
5.345 	56640.84107
5.350 	56641.04716
5.355 	56641.25102
5.360 	56641.45265
5.365 	56641.65209
5.370 	56641.84934
5.375 	56642.04445
5.380 	56642.23742
5.385 	56642.42829
5.390 	56642.61707
5.395 	56642.80379
5.400 	56642.98846
5.405 	56643.17111
5.410 	56643.35176
5.415 	56643.53043
5.420 	56643.70714
5.425 	56643.88191
5.430 	56644.05476
5.435 	56644.22572
5.440 	56644.3948
5.445 	56644.56201
5.450 	56644.72739
5.455 	56644.89095
5.460 	56645.05271
5.465 	56645.21269
5.470 	56645.37091
5.475 	56645.52738
5.480 	56645.68212
5.485 	56645.83516
5.490 	56645.98651
5.495 	56646.13618
5.500 	56646.2842
5.505 	56646.43059
5.510 	56646.57535
5.515 	56646.71852
5.520 	56646.8601
5.525 	56647.0001
5.530 	56647.13856
5.535 	56647.27549
5.540 	56647.41089
5.545 	56647.54479
5.550 	56647.67721
5.555 	56647.80815
5.560 	56647.93764
5.565 	56648.06569
5.570 	56648.19231
5.575 	56648.31752
5.580 	56648.44135
5.585 	56648.56379
5.590 	56648.68486
5.595 	56648.80459
5.600 	56648.92298
5.605 	56649.04005
5.610 	56649.15581
5.615 	56649.27028
5.620 	56649.38347
5.625 	56649.4954
5.630 	56649.60607
5.635 	56649.71551
5.640 	56649.82372
5.645 	56649.93071
5.650 	56650.03651
5.655 	56650.14113
5.660 	56650.24457
5.665 	56650.34685
5.670 	56650.44798
5.675 	56650.54797
5.680 	56650.64684
5.685 	56650.74461
5.690 	56650.84127
5.695 	56650.93684
5.700 	56651.03134
5.705 	56651.12478
5.710 	56651.21716
5.715 	56651.3085
5.720 	56651.39881
5.725 	56651.48811
5.730 	56651.57639
5.735 	56651.66368
5.740 	56651.74998
5.745 	56651.83531
5.750 	56651.91968
5.755 	56652.00309
5.760 	56652.08556
5.765 	56652.16709
5.770 	56652.2477
5.775 	56652.3274
5.780 	56652.4062
5.785 	56652.4841
5.790 	56652.56112
5.795 	56652.63726
