0.800 	160621.6548
0.805 	156941.828
0.810 	153330.3121
0.815 	149786.0533
0.820 	146308.0125
0.825 	142895.1644
0.830 	139546.4979
0.835 	136261.0156
0.840 	133037.7338
0.845 	129875.6823
0.850 	126773.9042
0.855 	123731.4557
0.860 	120747.406
0.865 	117820.837
0.870 	114950.8434
0.875 	112136.5324
0.880 	109377.0235
0.885 	106671.4482
0.890 	104018.9503
0.895 	101418.6853
0.900 	98869.82063
0.905 	96371.53503
0.910 	93923.01883
0.915 	91523.47363
0.920 	89172.11217
0.925 	86868.15819
0.930 	84610.8463
0.935 	82399.42183
0.940 	80233.14071
0.945 	78111.26933
0.950 	76033.0844
0.955 	73997.87282
0.960 	72004.93156
0.965 	70053.56753
0.970 	68143.09743
0.975 	66272.84767
0.980 	64442.15419
0.985 	62650.36239
0.990 	60896.82697
0.995 	59180.91186
1.000 	57501.99002
1.005 	55859.44342
1.010 	54252.66284
1.015 	52681.04782
1.020 	51144.00651
1.025 	49640.95557
1.030 	48171.32006
1.035 	46734.53334
1.040 	45330.03694
1.045 	43957.28048
1.050 	42615.72156
1.055 	41304.82563
1.060 	40024.06593
1.065 	38772.92336
1.070 	37550.88638
1.075 	36357.45093
1.080 	35192.12031
1.085 	34054.40512
1.090 	32943.82311
1.095 	31859.89914
1.100 	30802.16506
1.105 	29770.1596
1.110 	28763.42834
1.115 	27781.52356
1.120 	26824.00416
1.125 	25890.43563
1.130 	24980.38988
1.135 	24093.44522
1.140 	23229.18623
1.145 	22387.20372
1.150 	21567.09461
1.155 	20768.46188
1.160 	19990.91446
1.165 	19234.06717
1.170 	18497.54065
1.175 	17780.96124
1.180 	17083.96097
1.185 	16406.17743
1.190 	15747.25372
1.195 	15106.83835
1.200 	14484.58521
1.205 	13880.15348
1.210 	13293.20753
1.215 	12723.4169
1.220 	12170.45619
1.225 	11634.00502
1.230 	11113.74794
1.235 	10609.37437
1.240 	10120.57856
1.245 	9647.059471
1.250 	9188.520765
1.255 	8744.670711
1.260 	8315.222132
1.265 	7899.892339
1.270 	7498.403074
1.275 	7110.48045
1.280 	6735.854884
1.285 	6374.261048
1.290 	6025.437804
1.295 	5689.12815
1.300 	5365.079161
1.305 	5053.041936
1.310 	4752.771538
1.315 	4464.026945
1.320 	4186.570991
1.325 	3920.170318
1.330 	3664.595317
1.335 	3419.620082
1.340 	3185.022355
1.345 	2960.583476
1.350 	2746.088337
1.355 	2541.325324
1.360 	2346.086277
1.365 	2160.166438
1.370 	1983.364402
1.375 	1815.482073
1.380 	1656.324617
1.385 	1505.700413
1.390 	1363.421014
1.395 	1229.301096
1.400 	1103.158418
1.405 	984.8137774
1.410 	874.0909664
1.415 	770.8167302
1.420 	674.8207251
1.425 	585.9354771
1.430 	503.9963412
1.435 	428.8414607
1.440 	360.3117281
1.445 	298.2507453
1.450 	242.5047848
1.455 	192.922752
1.460 	149.3561466
1.465 	111.6590262
1.470 	79.68796868
1.475 	53.3020363
1.480 	32.36273975
1.485 	16.73400265
1.490 	6.282126633
1.495 	0.875756846
1.500 	0.385847852
1.505 	4.685630018
1.510 	13.65057632
1.515 	27.15836958
1.520 	45.08887012
1.525 	67.32408385
1.530 	93.74813075
1.535 	124.2472138
1.540 	158.7095883
1.545 	197.0255314
1.550 	239.0873125
1.555 	284.7891637
1.560 	334.0272502
1.565 	386.6996422
1.570 	442.7062864
1.575 	501.9489774
1.580 	564.331331
1.585 	629.7587563
1.590 	698.138429
1.595 	769.3792647
1.600 	843.3918931
1.605 	920.0886316
1.610 	999.3834602
1.615 	1081.191996
1.620 	1165.431469
1.625 	1252.020697
1.630 	1340.88006
1.635 	1431.931481
1.640 	1525.098397
1.645 	1620.305738
1.650 	1717.479906
1.655 	1816.548748
1.660 	1917.441538
1.665 	2020.088953
1.670 	2124.423051
1.675 	2230.377251
1.680 	2337.886309
1.685 	2446.886301
1.690 	2557.3146
1.695 	2669.109856
1.700 	2782.211975
1.705 	2896.562103
1.710 	3012.1026
1.715 	3128.777029
1.720 	3246.53013
1.725 	3365.307805
1.730 	3485.057098
1.735 	3605.726177
1.740 	3727.264317
1.745 	3849.621883
1.750 	3972.750308
1.755 	4096.602082
1.760 	4221.130731
1.765 	4346.290801
1.770 	4472.037841
1.775 	4598.328389
1.780 	4725.119953
1.785 	4852.370997
1.790 	4980.040925
1.795 	5108.090067
1.800 	5236.479658
1.805 	5365.171832
1.810 	5494.129599
1.815 	5623.316835
1.820 	5752.698268
1.825 	5882.239461
1.830 	6011.906798
1.835 	6141.667474
1.840 	6271.489478
1.845 	6401.34158
1.850 	6531.19332
1.855 	6661.014992
1.860 	6790.777633
1.865 	6920.45301
1.870 	7050.013606
1.875 	7179.432612
1.880 	7308.683909
1.885 	7437.742062
1.890 	7566.582302
1.895 	7695.18052
1.900 	7823.513252
1.905 	7951.55767
1.910 	8079.291568
1.915 	8206.693356
1.920 	8333.742042
1.925 	8460.417228
1.930 	8586.699096
1.935 	8712.568399
1.940 	8838.006451
1.945 	8962.995113
1.950 	9087.516791
1.955 	9211.554418
1.960 	9335.09145
1.965 	9458.111854
1.970 	9580.600099
1.975 	9702.541146
1.980 	9823.920443
1.985 	9944.72391
1.990 	10064.93793
1.995 	10184.54936
2.000 	10303.54548
2.005 	10421.91404
2.010 	10539.64319
2.015 	10656.72153
2.020 	10773.13806
2.025 	10888.8822
2.030 	11003.94378
2.035 	11118.31298
2.040 	11231.98041
2.045 	11344.93704
2.050 	11457.17421
2.055 	11568.68363
2.060 	11679.45735
2.065 	11789.48778
2.070 	11898.76768
2.075 	12007.29013
2.080 	12115.04854
2.085 	12222.03666
2.090 	12328.24854
2.095 	12433.67853
2.100 	12538.3213
2.105 	12642.17181
2.110 	12745.22531
2.115 	12847.47734
2.120 	12948.92372
2.125 	13049.56052
2.130 	13149.3841
2.135 	13248.39107
2.140 	13346.57831
2.145 	13443.94294
2.150 	13540.48231
2.155 	13636.19404
2.160 	13731.07597
2.165 	13825.12616
2.170 	13918.34291
2.175 	14010.72472
2.180 	14102.27033
2.185 	14192.97866
2.190 	14282.84887
2.195 	14371.88028
2.200 	14460.07244
2.205 	14547.42507
2.210 	14633.93808
2.215 	14719.61158
2.220 	14804.44583
2.225 	14888.44127
2.230 	14971.59854
2.235 	15053.9184
2.240 	15135.4018
2.245 	15216.04984
2.250 	15295.86378
2.255 	15374.84502
2.260 	15452.99511
2.265 	15530.31574
2.270 	15606.80874
2.275 	15682.47608
2.280 	15757.31986
2.285 	15831.3423
2.290 	15904.54574
2.295 	15976.93267
2.300 	16048.50567
2.305 	16119.26744
2.310 	16189.22081
2.315 	16258.36869
2.320 	16326.71412
2.325 	16394.26023
2.330 	16461.01025
2.335 	16526.9675
2.340 	16592.13542
2.345 	16656.51751
2.350 	16720.11738
2.355 	16782.93871
2.360 	16844.98528
2.365 	16906.26093
2.370 	16966.76959
2.375 	17026.51527
2.380 	17085.50204
2.385 	17143.73404
2.390 	17201.21549
2.395 	17257.95067
2.400 	17313.94392
2.405 	17369.19965
2.410 	17423.72232
2.415 	17477.51644
2.420 	17530.58659
2.425 	17582.9374
2.430 	17634.57354
2.435 	17685.49973
2.440 	17735.72075
2.445 	17785.24141
2.450 	17834.06656
2.455 	17882.20112
2.460 	17929.65
2.465 	17976.4182
2.470 	18022.5107
2.475 	18067.93257
2.480 	18112.68887
2.485 	18156.7847
2.490 	18200.2252
2.495 	18243.01553
2.500 	18285.16087
2.505 	18326.66644
2.510 	18367.53746
2.515 	18407.77918
2.520 	18447.39688
2.525 	18486.39584
2.530 	18524.78138
2.535 	18562.5588
2.540 	18599.73346
2.545 	18636.31069
2.550 	18672.29585
2.555 	18707.69431
2.560 	18742.51145
2.565 	18776.75266
2.570 	18810.42333
2.575 	18843.52885
2.580 	18876.07463
2.585 	18908.06607
2.590 	18939.50858
2.595 	18970.40757
2.600 	19000.76843
2.605 	19030.59659
2.610 	19059.89745
2.615 	19088.6764
2.620 	19116.93885
2.625 	19144.69019
2.630 	19171.93581
2.635 	19198.68109
2.640 	19224.9314
2.645 	19250.6921
2.650 	19275.96857
2.655 	19300.76613
2.660 	19325.09014
2.665 	19348.94591
2.670 	19372.33876
2.675 	19395.27398
2.680 	19417.75687
2.685 	19439.7927
2.690 	19461.38672
2.695 	19482.54418
2.700 	19503.2703
2.705 	19523.5703
2.710 	19543.44937
2.715 	19562.91268
2.720 	19581.96538
2.725 	19600.61262
2.730 	19618.85952
2.735 	19636.71117
2.740 	19654.17264
2.745 	19671.249
2.750 	19687.94528
2.755 	19704.2665
2.760 	19720.21764
2.765 	19735.80367
2.770 	19751.02953
2.775 	19765.90016
2.780 	19780.42044
2.785 	19794.59525
2.790 	19808.42943
2.795 	19821.92781
2.800 	19835.09519
2.805 	19847.93633
2.810 	19860.45599
2.815 	19872.65887
2.820 	19884.54969
2.825 	19896.13309
2.830 	19907.41371
2.835 	19918.39618
2.840 	19929.08506
2.845 	19939.48492
2.850 	19949.60028
2.855 	19959.43564
2.860 	19968.99547
2.865 	19978.2842
2.870 	19987.30625
2.875 	19996.066
2.880 	20004.56781
2.885 	20012.81598
2.890 	20020.81483
2.895 	20028.5686
2.900 	20036.08153
2.905 	20043.35783
2.910 	20050.40167
2.915 	20057.21718
2.920 	20063.80847
2.925 	20070.17964
2.930 	20076.33471
2.935 	20082.27773
2.940 	20088.01266
2.945 	20093.54347
2.950 	20098.87407
2.955 	20104.00837
2.960 	20108.95023
2.965 	20113.70347
2.970 	20118.2719
2.975 	20122.65928
2.980 	20126.86935
2.985 	20130.90581
2.990 	20134.77234
2.995 	20138.47257
3.000 	20142.01013
3.005 	20145.38858
3.010 	20148.61148
3.015 	20151.68233
3.020 	20154.60462
3.025 	20157.38181
3.030 	20160.01732
3.035 	20162.51453
3.040 	20164.8768
3.045 	20167.10745
3.050 	20169.20979
3.055 	20171.18708
3.060 	20173.04254
3.065 	20174.77938
3.070 	20176.40076
3.075 	20177.90984
3.080 	20179.3097
3.085 	20180.60344
3.090 	20181.79408
3.095 	20182.88466
3.100 	20183.87815
3.105 	20184.7775
3.110 	20185.58564
3.115 	20186.30545
3.120 	20186.9398
3.125 	20187.49152
3.130 	20187.96341
3.135 	20188.35824
3.140 	20188.67875
3.145 	20188.92764
3.150 	20189.1076
3.155 	20189.22128
3.160 	20189.2713
3.165 	20189.26024
3.170 	20189.19068
3.175 	20189.06514
3.180 	20188.88612
3.185 	20188.6561
3.190 	20188.37753
3.195 	20188.05281
3.200 	20187.68434
3.205 	20187.27447
3.210 	20186.82553
3.215 	20186.33983
3.220 	20185.81964
3.225 	20185.26721
3.230 	20184.68474
3.235 	20184.07444
3.240 	20183.43846
3.245 	20182.77894
3.250 	20182.09798
3.255 	20181.39767
3.260 	20180.68006
3.265 	20179.94717
3.270 	20179.201
3.275 	20178.44353
3.280 	20177.6767
3.285 	20176.90243
3.290 	20176.12262
3.295 	20175.33913
3.300 	20174.5538
3.305 	20173.76846
3.310 	20172.98489
3.315 	20172.20485
3.320 	20171.43009
3.325 	20170.66233
3.330 	20169.90324
3.335 	20169.1545
3.340 	20168.41776
3.345 	20167.69461
3.350 	20166.98667
3.355 	20166.29549
3.360 	20165.62262
3.365 	20164.96958
3.370 	20164.33787
3.375 	20163.72895
3.380 	20163.14429
3.385 	20162.58531
3.390 	20162.05341
3.395 	20161.54998
3.400 	20161.07637
3.405 	20160.63392
3.410 	20160.22394
3.415 	20159.84773
3.420 	20159.50656
3.425 	20159.20167
3.430 	20158.9343
3.435 	20158.70564
3.440 	20158.51689
3.445 	20158.36921
3.450 	20158.26373
3.455 	20158.20159
3.460 	20158.18387
3.465 	20158.21167
3.470 	20158.28605
3.475 	20158.40804
3.480 	20158.57866
3.485 	20158.79892
3.490 	20159.0698
3.495 	20159.39226
3.500 	20159.76724
3.505 	20160.19567
3.510 	20160.67844
3.515 	20161.21646
3.520 	20161.81058
3.525 	20162.46165
3.530 	20163.17051
3.535 	20163.93797
3.540 	20164.76482
3.545 	20165.65184
3.550 	20166.59979
3.555 	20167.60941
3.560 	20168.68143
3.565 	20169.81655
3.570 	20171.01547
3.575 	20172.27887
3.580 	20173.60739
3.585 	20175.00168
3.590 	20176.46236
3.595 	20177.99005
3.600 	20179.58534
3.605 	20181.2488
3.610 	20182.98099
3.615 	20184.78246
3.620 	20186.65375
3.625 	20188.59536
3.630 	20190.6078
3.635 	20192.69155
3.640 	20194.84709
3.645 	20197.07486
3.650 	20199.37532
3.655 	20201.74888
3.660 	20204.19597
3.665 	20206.71697
3.670 	20209.31229
3.675 	20211.98228
3.680 	20214.72731
3.685 	20217.54772
3.690 	20220.44385
3.695 	20223.41601
3.700 	20226.46451
3.705 	20229.58964
3.710 	20232.79168
3.715 	20236.0709
3.720 	20239.42756
3.725 	20242.86189
3.730 	20246.37413
3.735 	20249.96451
3.740 	20253.63321
3.745 	20257.38045
3.750 	20261.20641
3.755 	20265.11125
3.760 	20269.09515
3.765 	20273.15824
3.770 	20277.30068
3.775 	20281.52258
3.780 	20285.82407
3.785 	20290.20526
3.790 	20294.66623
3.795 	20299.20708
3.800 	20303.82789
3.805 	20308.52871
3.810 	20313.30961
3.815 	20318.17063
3.820 	20323.11181
3.825 	20328.13318
3.830 	20333.23474
3.835 	20338.41653
3.840 	20343.67852
3.845 	20349.02072
3.850 	20354.44309
3.855 	20359.94563
3.860 	20365.52828
3.865 	20371.191
3.870 	20376.93375
3.875 	20382.75645
3.880 	20388.65905
3.885 	20394.64145
3.890 	20400.70358
3.895 	20406.84534
3.900 	20413.06663
3.905 	20419.36733
3.910 	20425.74734
3.915 	20432.20653
3.920 	20438.74476
3.925 	20445.3619
3.930 	20452.0578
3.935 	20458.83231
3.940 	20465.68526
3.945 	20472.61649
3.950 	20479.62583
3.955 	20486.7131
3.960 	20493.87811
3.965 	20501.12066
3.970 	20508.44056
3.975 	20515.8376
3.980 	20523.31157
3.985 	20530.86225
3.990 	20538.48943
3.995 	20546.19286
4.000 	20553.97231
4.005 	20561.82755
4.010 	20569.75833
4.015 	20577.76439
4.020 	20585.84548
4.025 	20594.00133
4.030 	20602.23169
4.035 	20610.53627
4.040 	20618.91481
4.045 	20627.36701
4.050 	20635.89259
4.055 	20644.49126
4.060 	20653.16272
4.065 	20661.90667
4.070 	20670.72281
4.075 	20679.61083
4.080 	20688.57041
4.085 	20697.60124
4.090 	20706.70299
4.095 	20715.87534
4.100 	20725.11795
4.105 	20734.4305
4.110 	20743.81264
4.115 	20753.26404
4.120 	20762.78435
4.125 	20772.37321
4.130 	20782.03029
4.135 	20791.75522
4.140 	20801.54764
4.145 	20811.4072
4.150 	20821.33353
4.155 	20831.32625
4.160 	20841.385
4.165 	20851.50941
4.170 	20861.69909
4.175 	20871.95367
4.180 	20882.27277
4.185 	20892.65599
4.190 	20903.10296
4.195 	20913.61327
4.200 	20924.18655
4.205 	20934.82238
4.210 	20945.52038
4.215 	20956.28015
4.220 	20967.10128
4.225 	20977.98336
4.230 	20988.926
4.235 	20999.92878
4.240 	21010.9913
4.245 	21022.11313
4.250 	21033.29388
4.255 	21044.53311
4.260 	21055.83042
4.265 	21067.18538
4.270 	21078.59757
4.275 	21090.06657
4.280 	21101.59196
4.285 	21113.17331
4.290 	21124.8102
4.295 	21136.50219
4.300 	21148.24885
4.305 	21160.04977
4.310 	21171.90449
4.315 	21183.8126
4.320 	21195.77365
4.325 	21207.78721
4.330 	21219.85285
4.335 	21231.97013
4.340 	21244.13861
4.345 	21256.35785
4.350 	21268.62741
4.355 	21280.94686
4.360 	21293.31574
4.365 	21305.73363
4.370 	21318.20007
4.375 	21330.71462
4.380 	21343.27685
4.385 	21355.88631
4.390 	21368.54255
4.395 	21381.24512
4.400 	21393.9936
4.405 	21406.78752
4.410 	21419.62644
4.415 	21432.50993
4.420 	21445.43752
4.425 	21458.40878
4.430 	21471.42326
4.435 	21484.48052
4.440 	21497.5801
4.445 	21510.72157
4.450 	21523.90447
4.455 	21537.12836
4.460 	21550.3928
4.465 	21563.69733
4.470 	21577.04152
4.475 	21590.42491
4.480 	21603.84707
4.485 	21617.30755
4.490 	21630.8059
4.495 	21644.34168
4.500 	21657.91445
4.505 	21671.52375
4.510 	21685.16916
4.515 	21698.85023
4.520 	21712.56652
4.525 	21726.31758
4.530 	21740.10297
4.535 	21753.92226
4.540 	21767.775
4.545 	21781.66077
4.550 	21795.57911
4.555 	21809.52959
4.560 	21823.51177
4.565 	21837.52523
4.570 	21851.56952
4.575 	21865.64421
4.580 	21879.74887
4.585 	21893.88306
4.590 	21908.04636
4.595 	21922.23832
4.600 	21936.45854
4.605 	21950.70656
4.610 	21964.98197
4.615 	21979.28434
4.620 	21993.61325
4.625 	22007.96826
4.630 	22022.34896
4.635 	22036.75493
4.640 	22051.18573
4.645 	22065.64096
4.650 	22080.1202
4.655 	22094.62301
4.660 	22109.149
4.665 	22123.69774
4.670 	22138.26882
4.675 	22152.86183
4.680 	22167.47635
4.685 	22182.11198
4.690 	22196.7683
4.695 	22211.44491
4.700 	22226.1414
4.705 	22240.85737
4.710 	22255.59241
4.715 	22270.34612
4.720 	22285.1181
4.725 	22299.90795
4.730 	22314.71528
4.735 	22329.53968
4.740 	22344.38076
4.745 	22359.23813
4.750 	22374.11139
4.755 	22389.00016
4.760 	22403.90404
4.765 	22418.82265
4.770 	22433.7556
4.775 	22448.70252
4.780 	22463.663
4.785 	22478.63668
4.790 	22493.62317
4.795 	22508.6221
4.800 	22523.63308
4.805 	22538.65575
4.810 	22553.68973
4.815 	22568.73465
4.820 	22583.79014
4.825 	22598.85583
4.830 	22613.93135
4.835 	22629.01635
4.840 	22644.11044
4.845 	22659.21328
4.850 	22674.32451
4.855 	22689.44376
4.860 	22704.57068
4.865 	22719.70492
4.870 	22734.84611
4.875 	22749.99392
4.880 	22765.14799
4.885 	22780.30797
4.890 	22795.47352
4.895 	22810.64429
4.900 	22825.81994
4.905 	22841.00013
4.910 	22856.18452
4.915 	22871.37277
4.920 	22886.56455
4.925 	22901.75953
4.930 	22916.95736
4.935 	22932.15773
4.940 	22947.36031
4.945 	22962.56476
4.950 	22977.77077
4.955 	22992.97801
4.960 	23008.18615
4.965 	23023.39489
4.970 	23038.6039
4.975 	23053.81287
4.980 	23069.02149
4.985 	23084.22944
4.990 	23099.43641
4.995 	23114.6421
5.000 	23129.8462
5.005 	23145.0484
5.010 	23160.2484
5.015 	23175.44591
5.020 	23190.64062
5.025 	23205.83223
5.030 	23221.02046
5.035 	23236.20501
5.040 	23251.38558
5.045 	23266.56189
5.050 	23281.73365
5.055 	23296.90057
5.060 	23312.06238
5.065 	23327.21878
5.070 	23342.3695
5.075 	23357.51426
5.080 	23372.65279
5.085 	23387.7848
5.090 	23402.91003
5.095 	23418.02821
5.100 	23433.13906
5.105 	23448.24233
5.110 	23463.33773
5.115 	23478.42502
5.120 	23493.50393
5.125 	23508.5742
5.130 	23523.63557
5.135 	23538.68779
5.140 	23553.7306
5.145 	23568.76375
5.150 	23583.78699
5.155 	23598.80007
5.160 	23613.80274
5.165 	23628.79477
5.170 	23643.7759
5.175 	23658.74589
5.180 	23673.70452
5.185 	23688.65153
5.190 	23703.58669
5.195 	23718.50977
5.200 	23733.42054
5.205 	23748.31877
5.210 	23763.20423
5.215 	23778.07668
5.220 	23792.93592
5.225 	23807.78171
5.230 	23822.61383
5.235 	23837.43206
5.240 	23852.23619
5.245 	23867.026
5.250 	23881.80128
5.255 	23896.56181
5.260 	23911.30739
5.265 	23926.0378
5.270 	23940.75283
5.275 	23955.45229
5.280 	23970.13597
5.285 	23984.80367
5.290 	23999.45519
5.295 	24014.09033
5.300 	24028.70889
5.305 	24043.31068
5.310 	24057.8955
5.315 	24072.46317
5.320 	24087.0135
5.325 	24101.5463
5.330 	24116.06138
5.335 	24130.55855
5.340 	24145.03764
5.345 	24159.49847
5.350 	24173.94085
5.355 	24188.36461
5.360 	24202.76958
5.365 	24217.15557
5.370 	24231.52241
5.375 	24245.86995
5.380 	24260.19799
5.385 	24274.50639
5.390 	24288.79497
5.395 	24303.06357
5.400 	24317.31203
5.405 	24331.54018
5.410 	24345.74787
5.415 	24359.93494
5.420 	24374.10123
5.425 	24388.24659
5.430 	24402.37086
5.435 	24416.4739
5.440 	24430.55556
5.445 	24444.61568
5.450 	24458.65412
5.455 	24472.67074
5.460 	24486.6654
5.465 	24500.63794
5.470 	24514.58824
5.475 	24528.51615
5.480 	24542.42154
5.485 	24556.30426
5.490 	24570.16419
5.495 	24584.0012
5.500 	24597.81515
5.505 	24611.60592
5.510 	24625.37337
5.515 	24639.11738
5.520 	24652.83783
5.525 	24666.53459
5.530 	24680.20754
5.535 	24693.85656
5.540 	24707.48152
5.545 	24721.08233
5.550 	24734.65885
5.555 	24748.21097
5.560 	24761.73858
5.565 	24775.24157
5.570 	24788.71983
5.575 	24802.17325
5.580 	24815.60172
5.585 	24829.00514
5.590 	24842.38339
5.595 	24855.73639
5.600 	24869.06402
5.605 	24882.36618
5.610 	24895.64279
5.615 	24908.89373
5.620 	24922.11891
5.625 	24935.31825
5.630 	24948.49163
5.635 	24961.63898
5.640 	24974.7602
5.645 	24987.8552
5.650 	25000.9239
5.655 	25013.9662
5.660 	25026.98202
5.665 	25039.97128
5.670 	25052.93389
5.675 	25065.86977
5.680 	25078.77884
5.685 	25091.66103
5.690 	25104.51625
5.695 	25117.34442
5.700 	25130.14548
5.705 	25142.91934
5.710 	25155.66594
5.715 	25168.38521
5.720 	25181.07706
5.725 	25193.74144
5.730 	25206.37827
5.735 	25218.98749
5.740 	25231.56903
5.745 	25244.12283
5.750 	25256.64883
5.755 	25269.14695
5.760 	25281.61715
5.765 	25294.05936
5.770 	25306.47353
5.775 	25318.85958
5.780 	25331.21748
5.785 	25343.54716
5.790 	25355.84858
5.795 	25368.12166
