0.800 	563130.6451
0.805 	538797.1967
0.810 	515537.6369
0.815 	493304.3725
0.820 	472051.8761
0.825 	451736.599
0.830 	432316.8883
0.835 	413752.9077
0.840 	396006.5605
0.845 	379041.4167
0.850 	362822.6425
0.855 	347316.9326
0.860 	332492.446
0.865 	318318.7432
0.870 	304766.7271
0.875 	291808.5854
0.880 	279417.7361
0.885 	267568.7751
0.890 	256237.4251
0.895 	245400.4879
0.900 	235035.7976
0.905 	225122.1764
0.910 	215639.3919
0.915 	206568.1162
0.920 	197889.8868
0.925 	189587.069
0.930 	181642.82
0.935 	174041.0544
0.940 	166766.411
0.945 	159804.2214
0.950 	153140.4794
0.955 	146761.8124
0.960 	140655.4529
0.965 	134809.2123
0.970 	129211.4553
0.975 	123851.0752
0.980 	118717.471
0.985 	113800.5242
0.990 	109090.578
0.995 	104578.4165
1.000 	100255.2448
1.005 	96112.67059
1.010 	92142.68571
1.015 	88337.64914
1.020 	84690.2704
1.025 	81193.59375
1.030 	77840.98307
1.035 	74626.10738
1.040 	71542.92704
1.045 	68585.68046
1.050 	65748.8715
1.055 	63027.25729
1.060 	60415.83671
1.065 	57909.83932
1.070 	55504.71474
1.075 	53196.12254
1.080 	50979.9226
1.085 	48852.16584
1.090 	46809.0854
1.095 	44847.08819
1.100 	42962.74685
1.105 	41152.79199
1.110 	39414.1049
1.115 	37743.71048
1.120 	36138.77054
1.125 	34596.57737
1.130 	33114.54765
1.135 	31690.21659
1.140 	30321.23233
1.145 	29005.35067
1.150 	27740.42992
1.155 	26524.42612
1.160 	25355.38836
1.165 	24231.45437
1.170 	23150.84634
1.175 	22111.86688
1.180 	21112.8952
1.185 	20152.38344
1.190 	19228.85319
1.195 	18340.8922
1.200 	17487.15116
1.205 	16666.34073
1.210 	15877.22866
1.215 	15118.637
1.220 	14389.43957
1.225 	13688.55938
1.230 	13014.96636
1.235 	12367.67502
1.240 	11745.74234
1.245 	11148.26574
1.250 	10574.3811
1.255 	10023.2609
1.260 	9494.112496
1.265 	8986.176417
1.270 	8498.72476
1.275 	8031.059681
1.280 	7582.511947
1.285 	7152.439556
1.290 	6740.226437
1.295 	6345.281197
1.300 	5967.035945
1.305 	5604.945162
1.310 	5258.484638
1.315 	4927.150452
1.320 	4610.458007
1.325 	4307.941114
1.330 	4019.151122
1.335 	3743.656086
1.340 	3481.039983
1.345 	3230.901967
1.350 	2992.855656
1.355 	2766.528463
1.360 	2551.560953
1.365 	2347.606238
1.370 	2154.329399
1.375 	1971.406944
1.380 	1798.526285
1.385 	1635.385244
1.390 	1481.691594
1.395 	1337.162605
1.400 	1201.524633
1.405 	1074.512716
1.410 	955.8701958
1.415 	845.3483621
1.420 	742.7061095
1.425 	647.7096158
1.430 	560.1320357
1.435 	479.7532106
1.440 	406.3593932
1.445 	339.7429866
1.450 	279.7022967
1.455 	226.0412972
1.460 	178.5694073
1.465 	137.1012801
1.470 	101.4566025
1.475 	71.45990548
1.480 	46.94038338
1.485 	27.73172319
1.490 	13.67194225
1.495 	4.603234263
1.500 	0.371823161
1.505 	0.82782437
1.510 	5.825113079
1.515 	15.22119913
1.520 	28.87710819
1.525 	46.65726877
1.530 	68.42940493
1.535 	94.06443421
1.540 	123.4363705
1.545 	156.4222318
1.550 	192.901952
1.555 	232.7582975
1.560 	275.8767873
1.565 	322.1456168
1.570 	371.4555854
1.575 	423.7000274
1.580 	478.7747456
1.585 	536.5779485
1.590 	597.0101896
1.595 	659.9743101
1.600 	725.3753832
1.605 	793.1206614
1.610 	863.1195255
1.615 	935.2834361
1.620 	1009.525887
1.625 	1085.762359
1.630 	1163.910279
1.635 	1243.888977
1.640 	1325.619644
1.645 	1409.025298
1.650 	1494.030742
1.655 	1580.562531
1.660 	1668.548936
1.665 	1757.91991
1.670 	1848.607056
1.675 	1940.543594
1.680 	2033.664333
1.685 	2127.905638
1.690 	2223.205402
1.695 	2319.503019
1.700 	2416.739354
1.705 	2514.856718
1.710 	2613.798842
1.715 	2713.510851
1.720 	2813.939238
1.725 	2915.03184
1.730 	3016.737816
1.735 	3119.00762
1.740 	3221.792982
1.745 	3325.046882
1.750 	3428.723531
1.755 	3532.778346
1.760 	3637.167932
1.765 	3741.85006
1.770 	3846.783643
1.775 	3951.928722
1.780 	4057.246442
1.785 	4162.699031
1.790 	4268.249785
1.795 	4373.863047
1.800 	4479.504187
1.805 	4585.139584
1.810 	4690.736608
1.815 	4796.263603
1.820 	4901.689869
1.825 	5006.985642
1.830 	5112.12208
1.835 	5217.071242
1.840 	5321.806075
1.845 	5426.300396
1.850 	5530.528875
1.855 	5634.467018
1.860 	5738.091152
1.865 	5841.378409
1.870 	5944.306711
1.875 	6046.854752
1.880 	6149.001986
1.885 	6250.72861
1.890 	6352.015547
1.895 	6452.844437
1.900 	6553.197615
1.905 	6653.058102
1.910 	6752.409591
1.915 	6851.236429
1.920 	6949.523604
1.925 	7047.256735
1.930 	7144.422055
1.935 	7241.006398
1.940 	7336.997185
1.945 	7432.382415
1.950 	7527.150648
1.955 	7621.290993
1.960 	7714.793098
1.965 	7807.647133
1.970 	7899.843782
1.975 	7991.37423
1.980 	8082.23015
1.985 	8172.403693
1.990 	8261.887473
1.995 	8350.674561
2.000 	8438.758468
2.005 	8526.13314
2.010 	8612.792941
2.015 	8698.732648
2.020 	8783.947434
2.025 	8868.432865
2.030 	8952.184885
2.035 	9035.199807
2.040 	9117.474301
2.045 	9199.00539
2.050 	9279.790435
2.055 	9359.827128
2.060 	9439.113481
2.065 	9517.647819
2.070 	9595.42877
2.075 	9672.455256
2.080 	9748.726486
2.085 	9824.241944
2.090 	9899.001384
2.095 	9973.004821
2.100 	10046.25252
2.105 	10118.745
2.110 	10190.483
2.115 	10261.4675
2.120 	10331.6997
2.125 	10401.18103
2.130 	10469.91309
2.135 	10537.89771
2.140 	10605.13691
2.145 	10671.63288
2.150 	10737.38802
2.155 	10802.40488
2.160 	10866.68618
2.165 	10930.2348
2.170 	10993.05379
2.175 	11055.14634
2.180 	11116.51577
2.185 	11177.16555
2.190 	11237.09929
2.195 	11296.32072
2.200 	11354.83367
2.205 	11412.64213
2.210 	11469.75016
2.215 	11526.16194
2.220 	11581.88175
2.225 	11636.91399
2.230 	11691.2631
2.235 	11744.93366
2.240 	11797.93031
2.245 	11850.25775
2.250 	11901.92079
2.255 	11952.92428
2.260 	12003.27316
2.265 	12052.97241
2.270 	12102.02709
2.275 	12150.44231
2.280 	12198.2232
2.285 	12245.37499
2.290 	12291.90291
2.295 	12337.81226
2.300 	12383.10836
2.305 	12427.79657
2.310 	12471.88228
2.315 	12515.37092
2.320 	12558.26794
2.325 	12600.57879
2.330 	12642.30898
2.335 	12683.464
2.340 	12724.04939
2.345 	12764.07067
2.350 	12803.5334
2.355 	12842.44313
2.360 	12880.80541
2.365 	12918.62581
2.370 	12955.90989
2.375 	12992.66321
2.380 	13028.89135
2.385 	13064.59984
2.390 	13099.79424
2.395 	13134.4801
2.400 	13168.66294
2.405 	13202.34828
2.410 	13235.54164
2.415 	13268.2485
2.420 	13300.47433
2.425 	13332.22461
2.430 	13363.50475
2.435 	13394.3202
2.440 	13424.67633
2.445 	13454.57853
2.450 	13484.03215
2.455 	13513.04251
2.460 	13541.61492
2.465 	13569.75463
2.470 	13597.46691
2.475 	13624.75695
2.480 	13651.62996
2.485 	13678.09107
2.490 	13704.14542
2.495 	13729.79808
2.500 	13755.05413
2.505 	13779.91857
2.510 	13804.39641
2.515 	13828.49258
2.520 	13852.21202
2.525 	13875.55959
2.530 	13898.54014
2.535 	13921.15848
2.540 	13943.41937
2.545 	13965.32755
2.550 	13986.8877
2.555 	14008.10448
2.560 	14028.9825
2.565 	14049.52634
2.570 	14069.74052
2.575 	14089.62954
2.580 	14109.19784
2.585 	14128.44985
2.590 	14147.38993
2.595 	14166.0224
2.600 	14184.35156
2.605 	14202.38165
2.610 	14220.11688
2.615 	14237.56141
2.620 	14254.71935
2.625 	14271.59479
2.630 	14288.19177
2.635 	14304.51428
2.640 	14320.56627
2.645 	14336.35165
2.650 	14351.8743
2.655 	14367.13803
2.660 	14382.14665
2.665 	14396.90389
2.670 	14411.41344
2.675 	14425.67899
2.680 	14439.70413
2.685 	14453.49246
2.690 	14467.04751
2.695 	14480.37278
2.700 	14493.47171
2.705 	14506.34773
2.710 	14519.00421
2.715 	14531.44448
2.720 	14543.67184
2.725 	14555.68953
2.730 	14567.50078
2.735 	14579.10876
2.740 	14590.51659
2.745 	14601.72739
2.750 	14612.7442
2.755 	14623.57005
2.760 	14634.2079
2.765 	14644.66072
2.770 	14654.93139
2.775 	14665.02279
2.780 	14674.93774
2.785 	14684.67904
2.790 	14694.24945
2.795 	14703.65167
2.800 	14712.8884
2.805 	14721.96228
2.810 	14730.87593
2.815 	14739.63191
2.820 	14748.23278
2.825 	14756.68103
2.830 	14764.97914
2.835 	14773.12954
2.840 	14781.13465
2.845 	14788.99683
2.850 	14796.71842
2.855 	14804.30173
2.860 	14811.74902
2.865 	14819.06255
2.870 	14826.2445
2.875 	14833.29707
2.880 	14840.2224
2.885 	14847.02261
2.890 	14853.69977
2.895 	14860.25595
2.900 	14866.69316
2.905 	14873.0134
2.910 	14879.21863
2.915 	14885.3108
2.920 	14891.29181
2.925 	14897.16354
2.930 	14902.92784
2.935 	14908.58654
2.940 	14914.14142
2.945 	14919.59426
2.950 	14924.94681
2.955 	14930.20077
2.960 	14935.35785
2.965 	14940.41969
2.970 	14945.38795
2.975 	14950.26423
2.980 	14955.05012
2.985 	14959.7472
2.990 	14964.35699
2.995 	14968.88101
3.000 	14973.32076
3.005 	14977.6777
3.010 	14981.95328
3.015 	14986.14893
3.020 	14990.26604
3.025 	14994.30599
3.030 	14998.27015
3.035 	15002.15983
3.040 	15005.97637
3.045 	15009.72105
3.050 	15013.39514
3.055 	15016.99989
3.060 	15020.53654
3.065 	15024.00629
3.070 	15027.41035
3.075 	15030.74987
3.080 	15034.02602
3.085 	15037.23993
3.090 	15040.39271
3.095 	15043.48547
3.100 	15046.51928
3.105 	15049.4952
3.110 	15052.41427
3.115 	15055.27753
3.120 	15058.08599
3.125 	15060.84063
3.130 	15063.54244
3.135 	15066.19237
3.140 	15068.79136
3.145 	15071.34035
3.150 	15073.84025
3.155 	15076.29195
3.160 	15078.69634
3.165 	15081.05429
3.170 	15083.36663
3.175 	15085.63423
3.180 	15087.85789
3.185 	15090.03842
3.190 	15092.17663
3.195 	15094.27329
3.200 	15096.32917
3.205 	15098.34503
3.210 	15100.32161
3.215 	15102.25964
3.220 	15104.15984
3.225 	15106.0229
3.230 	15107.84953
3.235 	15109.6404
3.240 	15111.39618
3.245 	15113.11752
3.250 	15114.80508
3.255 	15116.45948
3.260 	15118.08135
3.265 	15119.6713
3.270 	15121.22993
3.275 	15122.75783
3.280 	15124.25558
3.285 	15125.72375
3.290 	15127.1629
3.295 	15128.57358
3.300 	15129.95632
3.305 	15131.31166
3.310 	15132.64012
3.315 	15133.94221
3.320 	15135.21843
3.325 	15136.46927
3.330 	15137.69522
3.335 	15138.89676
3.340 	15140.07435
3.345 	15141.22844
3.350 	15142.3595
3.355 	15143.46796
3.360 	15144.55425
3.365 	15145.6188
3.370 	15146.66203
3.375 	15147.68436
3.380 	15148.68617
3.385 	15149.66788
3.390 	15150.62986
3.395 	15151.5725
3.400 	15152.49618
3.405 	15153.40126
3.410 	15154.28809
3.415 	15155.15705
3.420 	15156.00847
3.425 	15156.84269
3.430 	15157.66005
3.435 	15158.46088
3.440 	15159.24551
3.445 	15160.01424
3.450 	15160.76738
3.455 	15161.50525
3.460 	15162.22815
3.465 	15162.93635
3.470 	15163.63017
3.475 	15164.30986
3.480 	15164.97573
3.485 	15165.62802
3.490 	15166.26703
3.495 	15166.89299
3.500 	15167.50618
3.505 	15168.10685
3.510 	15168.69523
3.515 	15169.27158
3.520 	15169.83614
3.525 	15170.38913
3.530 	15170.93079
3.535 	15171.46134
3.540 	15171.981
3.545 	15172.48998
3.550 	15172.98851
3.555 	15173.47679
3.560 	15173.95503
3.565 	15174.42341
3.570 	15174.88215
3.575 	15175.33142
3.580 	15175.77144
3.585 	15176.20236
3.590 	15176.62439
3.595 	15177.0377
3.600 	15177.44245
3.605 	15177.83884
3.610 	15178.22701
3.615 	15178.60714
3.620 	15178.97939
3.625 	15179.34392
3.630 	15179.70089
3.635 	15180.05044
3.640 	15180.39272
3.645 	15180.72789
3.650 	15181.05609
3.655 	15181.37745
3.660 	15181.69212
3.665 	15182.00023
3.670 	15182.30191
3.675 	15182.5973
3.680 	15182.88652
3.685 	15183.1697
3.690 	15183.44696
3.695 	15183.71842
3.700 	15183.9842
3.705 	15184.24441
3.710 	15184.49918
3.715 	15184.7486
3.720 	15184.99279
3.725 	15185.23186
3.730 	15185.46591
3.735 	15185.69504
3.740 	15185.91935
3.745 	15186.13895
3.750 	15186.35393
3.755 	15186.56438
3.760 	15186.77039
3.765 	15186.97207
3.770 	15187.16949
3.775 	15187.36275
3.780 	15187.55192
3.785 	15187.7371
3.790 	15187.91837
3.795 	15188.09581
3.800 	15188.26949
3.805 	15188.43949
3.810 	15188.6059
3.815 	15188.76878
3.820 	15188.92821
3.825 	15189.08425
3.830 	15189.23699
3.835 	15189.38648
3.840 	15189.5328
3.845 	15189.67601
3.850 	15189.81617
3.855 	15189.95335
3.860 	15190.08761
3.865 	15190.21902
3.870 	15190.34762
3.875 	15190.47348
3.880 	15190.59666
3.885 	15190.71721
3.890 	15190.83519
3.895 	15190.95065
3.900 	15191.06364
3.905 	15191.17422
3.910 	15191.28243
3.915 	15191.38833
3.920 	15191.49196
3.925 	15191.59337
3.930 	15191.6926
3.935 	15191.78971
3.940 	15191.88474
3.945 	15191.97773
3.950 	15192.06873
3.955 	15192.15777
3.960 	15192.24489
3.965 	15192.33015
3.970 	15192.41357
3.975 	15192.49519
3.980 	15192.57506
3.985 	15192.65321
3.990 	15192.72968
3.995 	15192.8045
4.000 	15192.8777
4.005 	15192.94933
4.010 	15193.01941
4.015 	15193.08797
4.020 	15193.15506
4.025 	15193.2207
4.030 	15193.28492
4.035 	15193.34775
4.040 	15193.40922
4.045 	15193.46936
4.050 	15193.52819
4.055 	15193.58576
4.060 	15193.64207
4.065 	15193.69717
4.070 	15193.75106
4.075 	15193.80379
4.080 	15193.85538
4.085 	15193.90585
4.090 	15193.95521
4.095 	15194.00351
4.100 	15194.05076
4.105 	15194.09697
4.110 	15194.14219
4.115 	15194.18641
4.120 	15194.22968
4.125 	15194.272
4.130 	15194.3134
4.135 	15194.3539
4.140 	15194.39351
4.145 	15194.43226
4.150 	15194.47017
4.155 	15194.50724
4.160 	15194.54351
4.165 	15194.57898
4.170 	15194.61368
4.175 	15194.64762
4.180 	15194.68081
4.185 	15194.71328
4.190 	15194.74504
4.195 	15194.77611
4.200 	15194.80649
4.205 	15194.83621
4.210 	15194.86527
4.215 	15194.8937
4.220 	15194.9215
4.225 	15194.94869
4.230 	15194.97529
4.235 	15195.0013
4.240 	15195.02674
4.245 	15195.05162
4.250 	15195.07596
4.255 	15195.09975
4.260 	15195.12303
4.265 	15195.14579
4.270 	15195.16805
4.275 	15195.18982
4.280 	15195.21111
4.285 	15195.23193
4.290 	15195.25229
4.295 	15195.2722
4.300 	15195.29168
4.305 	15195.31072
4.310 	15195.32934
4.315 	15195.34755
4.320 	15195.36536
4.325 	15195.38278
4.330 	15195.39981
4.335 	15195.41646
4.340 	15195.43274
4.345 	15195.44867
4.350 	15195.46424
4.355 	15195.47946
4.360 	15195.49435
4.365 	15195.50891
4.370 	15195.52314
4.375 	15195.53706
4.380 	15195.55068
4.385 	15195.56398
4.390 	15195.577
4.395 	15195.58972
4.400 	15195.60216
4.405 	15195.61433
4.410 	15195.62622
4.415 	15195.63785
4.420 	15195.64922
4.425 	15195.66034
4.430 	15195.67121
4.435 	15195.68184
4.440 	15195.69223
4.445 	15195.70239
4.450 	15195.71232
4.455 	15195.72204
4.460 	15195.73153
4.465 	15195.74081
4.470 	15195.74989
4.475 	15195.75876
4.480 	15195.76744
4.485 	15195.77592
4.490 	15195.78421
4.495 	15195.79232
4.500 	15195.80025
4.505 	15195.80799
4.510 	15195.81557
4.515 	15195.82297
4.520 	15195.83021
4.525 	15195.83729
4.530 	15195.84421
4.535 	15195.85097
4.540 	15195.85758
4.545 	15195.86405
4.550 	15195.87037
4.555 	15195.87654
4.560 	15195.88258
4.565 	15195.88849
4.570 	15195.89426
4.575 	15195.8999
4.580 	15195.90541
4.585 	15195.9108
4.590 	15195.91607
4.595 	15195.92122
4.600 	15195.92626
4.605 	15195.93118
4.610 	15195.93599
4.615 	15195.94069
4.620 	15195.94529
4.625 	15195.94978
4.630 	15195.95417
4.635 	15195.95846
4.640 	15195.96266
4.645 	15195.96676
4.650 	15195.97077
4.655 	15195.97469
4.660 	15195.97852
4.665 	15195.98226
4.670 	15195.98592
4.675 	15195.9895
4.680 	15195.99299
4.685 	15195.99641
4.690 	15195.99975
4.695 	15196.00301
4.700 	15196.0062
4.705 	15196.00932
4.710 	15196.01237
4.715 	15196.01535
4.720 	15196.01826
4.725 	15196.0211
4.730 	15196.02388
4.735 	15196.0266
4.740 	15196.02926
4.745 	15196.03185
4.750 	15196.03439
4.755 	15196.03687
4.760 	15196.03929
4.765 	15196.04166
4.770 	15196.04397
4.775 	15196.04623
4.780 	15196.04844
4.785 	15196.0506
4.790 	15196.05272
4.795 	15196.05478
4.800 	15196.0568
4.805 	15196.05877
4.810 	15196.06069
4.815 	15196.06257
4.820 	15196.06441
4.825 	15196.06621
4.830 	15196.06796
4.835 	15196.06968
4.840 	15196.07136
4.845 	15196.073
4.850 	15196.0746
4.855 	15196.07616
4.860 	15196.07769
4.865 	15196.07919
4.870 	15196.08065
4.875 	15196.08207
4.880 	15196.08347
4.885 	15196.08483
4.890 	15196.08616
4.895 	15196.08746
4.900 	15196.08874
4.905 	15196.08998
4.910 	15196.09119
4.915 	15196.09238
4.920 	15196.09354
4.925 	15196.09467
4.930 	15196.09578
4.935 	15196.09686
4.940 	15196.09791
4.945 	15196.09895
4.950 	15196.09995
4.955 	15196.10094
4.960 	15196.1019
4.965 	15196.10284
4.970 	15196.10376
4.975 	15196.10466
4.980 	15196.10554
4.985 	15196.1064
4.990 	15196.10723
4.995 	15196.10805
5.000 	15196.10885
5.005 	15196.10963
5.010 	15196.1104
5.015 	15196.11114
5.020 	15196.11187
5.025 	15196.11259
5.030 	15196.11328
5.035 	15196.11396
5.040 	15196.11463
5.045 	15196.11527
5.050 	15196.11591
5.055 	15196.11653
5.060 	15196.11713
5.065 	15196.11772
5.070 	15196.1183
5.075 	15196.11887
5.080 	15196.11942
5.085 	15196.11996
5.090 	15196.12048
5.095 	15196.121
5.100 	15196.1215
5.105 	15196.12199
5.110 	15196.12247
5.115 	15196.12294
5.120 	15196.12339
5.125 	15196.12384
5.130 	15196.12428
5.135 	15196.1247
5.140 	15196.12512
5.145 	15196.12553
5.150 	15196.12592
5.155 	15196.12631
5.160 	15196.12669
5.165 	15196.12706
5.170 	15196.12743
5.175 	15196.12778
5.180 	15196.12813
5.185 	15196.12846
5.190 	15196.12879
5.195 	15196.12911
5.200 	15196.12943
5.205 	15196.12974
5.210 	15196.13004
5.215 	15196.13033
5.220 	15196.13062
5.225 	15196.1309
5.230 	15196.13117
5.235 	15196.13144
5.240 	15196.1317
5.245 	15196.13195
5.250 	15196.1322
5.255 	15196.13245
5.260 	15196.13268
5.265 	15196.13291
5.270 	15196.13314
5.275 	15196.13336
5.280 	15196.13358
5.285 	15196.13379
5.290 	15196.134
5.295 	15196.1342
5.300 	15196.13439
5.305 	15196.13459
5.310 	15196.13477
5.315 	15196.13496
5.320 	15196.13514
5.325 	15196.13531
5.330 	15196.13548
5.335 	15196.13565
5.340 	15196.13581
5.345 	15196.13597
5.350 	15196.13613
5.355 	15196.13628
5.360 	15196.13643
5.365 	15196.13657
5.370 	15196.13671
5.375 	15196.13685
5.380 	15196.13699
5.385 	15196.13712
5.390 	15196.13725
5.395 	15196.13737
5.400 	15196.1375
5.405 	15196.13762
5.410 	15196.13773
5.415 	15196.13785
5.420 	15196.13796
5.425 	15196.13807
5.430 	15196.13818
5.435 	15196.13828
5.440 	15196.13838
5.445 	15196.13848
5.450 	15196.13858
5.455 	15196.13867
5.460 	15196.13877
5.465 	15196.13886
5.470 	15196.13894
5.475 	15196.13903
5.480 	15196.13911
5.485 	15196.1392
5.490 	15196.13928
5.495 	15196.13936
5.500 	15196.13943
5.505 	15196.13951
5.510 	15196.13958
5.515 	15196.13965
5.520 	15196.13972
5.525 	15196.13979
5.530 	15196.13986
5.535 	15196.13992
5.540 	15196.13998
5.545 	15196.14005
5.550 	15196.14011
5.555 	15196.14017
5.560 	15196.14022
5.565 	15196.14028
5.570 	15196.14033
5.575 	15196.14039
5.580 	15196.14044
5.585 	15196.14049
5.590 	15196.14054
5.595 	15196.14059
5.600 	15196.14064
5.605 	15196.14068
5.610 	15196.14073
5.615 	15196.14077
5.620 	15196.14082
5.625 	15196.14086
5.630 	15196.1409
5.635 	15196.14094
5.640 	15196.14098
5.645 	15196.14102
5.650 	15196.14106
5.655 	15196.14109
5.660 	15196.14113
5.665 	15196.14116
5.670 	15196.1412
5.675 	15196.14123
5.680 	15196.14126
5.685 	15196.1413
5.690 	15196.14133
5.695 	15196.14136
5.700 	15196.14139
5.705 	15196.14142
5.710 	15196.14144
5.715 	15196.14147
5.720 	15196.1415
5.725 	15196.14152
5.730 	15196.14155
5.735 	15196.14158
5.740 	15196.1416
5.745 	15196.14162
5.750 	15196.14165
5.755 	15196.14167
5.760 	15196.14169
5.765 	15196.14171
5.770 	15196.14174
5.775 	15196.14176
5.780 	15196.14178
5.785 	15196.1418
5.790 	15196.14181
5.795 	15196.14183
