0	0	654.1554
0	1	656.9615
0	2	662.5736
0	3	670.9913
0	4	682.2142
0	5	696.2416
0	6	713.0727
0	7	732.7067
0	8	755.1424
0	9	780.3786
0	10	808.4138
0	11	839.2465
0	12	872.8749
0	13	909.2972
0	14	948.5113
0	15	990.5151
0	16	1035.3061
0	17	1082.8818
0	18	1133.2397
0	19	1186.3767
0	20	1242.2901
0	21	1300.9766
0	22	1362.4329
0	23	1426.6555
0	24	1493.6409
0	25	1563.3853
0	26	1635.8848
0	27	1711.1351
0	28	1789.1322
0	29	1869.8716
0	30	1953.3488
0	31	2039.559
0	32	2128.4973
0	33	2220.1587
0	34	2314.538
0	35	2411.6299
0	36	2511.4289
0	37	2613.9292
0	38	2719.1251
0	39	2827.0105
0	40	2937.5794
0	41	3050.8253
0	42	3166.7419
0	43	3285.3225
0	44	3406.5604
0	45	3530.4485
0	46	3656.9798
0	47	3786.1471
0	48	3917.9428
0	49	4052.3594
0	50	4189.3892
0	51	4329.0243
0	52	4471.2565
0	53	4616.0777
0	54	4763.4794
0	55	4913.4532
0	56	5065.9902
0	57	5221.0817
0	58	5378.7185
0	59	5538.8915
0	60	5701.5913
0	61	5866.8083
0	62	6034.5329
0	63	6204.7552
0	64	6377.4651
0	65	6552.6525
0	66	6730.307
0	67	6910.4181
0	68	7092.9751
0	69	7277.9671
0	70	7465.383
0	71	7655.2117
0	72	7847.4418
0	73	8042.0618
0	74	8239.0599
0	75	8438.4242
0	76	8640.1428
0	77	8844.2032
0	78	9050.5932
0	79	9259.3002
0	80	9470.3113
0	81	9683.6137
0	82	9899.1941
0	83	10117.0394
0	84	10337.1361
0	85	10559.4704
0	86	10784.0285
0	87	11010.7964
0	88	11239.7598
0	89	11470.9044
0	90	11704.2156
0	91	11939.6784
0	92	12177.2781
0	93	12416.9994
0	94	12658.8268
0	95	12902.7449
0	96	13148.7379
0	97	13396.7897
0	98	13646.8842
0	99	13899.005
0	100	14153.1354
0	101	14409.2588
0	102	14667.3579
0	103	14927.4156
0	104	15189.4144
0	105	15453.3366
0	106	15719.1642
0	107	15986.8791
0	108	16256.4629
0	109	16527.8969
0	110	16801.1622
0	111	17076.2397
0	112	17353.1099
0	113	17631.7533
0	114	17912.1499
0	115	18194.2795
0	116	18478.1217
0	117	18763.6556
0	118	19050.8603
0	119	19339.7144
0	120	19630.1962
0	121	19922.2838
0	122	20215.955
0	123	20511.187
0	124	20807.957
0	125	21106.2417
0	126	21406.0175
0	127	21707.2602
0	128	22009.9455
0	129	22314.0486
0	130	22619.5443
0	131	22926.407
0	132	23234.6106
0	133	23544.1285
0	134	23854.9338
0	135	24166.999
0	136	24480.296
0	137	24794.7964
0	138	25110.471
0	139	25427.2903
0	140	25745.2238
0	141	26064.2407
0	142	26384.3093
0	143	26705.3975
0	144	27027.472
0	145	27350.4992
0	146	27674.4443
0	147	27999.2718
0	148	28324.9453
0	149	28651.4272
0	150	28978.6791
0	151	29306.6613
0	152	29635.333
0	153	29964.652
0	154	30294.5749
0	155	30625.0565
0	156	30956.0503
0	157	31287.5078
0	158	31619.3787
0	159	31951.6106
0	160	32284.1488
0	161	32616.9361
0	162	32949.9123
0	163	33283.0144
0	164	33616.1757
0	165	33949.3256
0	166	34282.3892
0	167	34615.2865
0	168	34947.9314
0	169	35280.2314
0	170	35612.0858
0	171	35943.3844
0	172	36274.0057
0	173	36603.8139
0	174	36932.6553
0	175	37260.353
0	176	37586.6986
0	177	37911.4381
0	178	38234.2463
0	179	38554.6758
0	180	38872.0717
0	181	39185.5136
0	182	39494.094
0	183	39797.833
1	0	1942.6049
1	1	1945.3731
1	2	1950.9093
1	3	1959.2132
1	4	1970.2843
1	5	1984.122
1	6	2000.7255
1	7	2020.0939
1	8	2042.226
1	9	2067.1205
1	10	2094.7762
1	11	2125.1913
1	12	2158.3641
1	13	2194.2927
1	14	2232.9751
1	15	2274.4091
1	16	2318.5922
1	17	2365.522
1	18	2415.1958
1	19	2467.6106
1	20	2522.7635
1	21	2580.6513
1	22	2641.2707
1	23	2704.6182
1	24	2770.6902
1	25	2839.4827
1	26	2910.992
1	27	2985.2138
1	28	3062.1439
1	29	3141.7778
1	30	3224.1109
1	31	3309.1385
1	32	3396.8556
1	33	3487.2571
1	34	3580.3378
1	35	3676.0924
1	36	3774.5151
1	37	3875.6003
1	38	3979.3421
1	39	4085.7345
1	40	4194.7712
1	41	4306.4459
1	42	4420.7519
1	43	4537.6828
1	44	4657.2315
1	45	4779.391
1	46	4904.1542
1	47	5031.5136
1	48	5161.4619
1	49	5293.9913
1	50	5429.094
1	51	5566.7619
1	52	5706.9869
1	53	5849.7606
1	54	5995.0746
1	55	6142.9202
1	56	6293.2885
1	57	6446.1706
1	58	6601.5572
1	59	6759.439
1	60	6919.8066
1	61	7082.6502
1	62	7247.9599
1	63	7415.7259
1	64	7585.9378
1	65	7758.5854
1	66	7933.6581
1	67	8111.1451
1	68	8291.0357
1	69	8473.3186
1	70	8657.9829
1	71	8845.0169
1	72	9034.4091
1	73	9226.1479
1	74	9420.2211
1	75	9616.6167
1	76	9815.3225
1	77	10016.3258
1	78	10219.6141
1	79	10425.1745
1	80	10632.9939
1	81	10843.0592
1	82	11055.3569
1	83	11269.8733
1	84	11486.5948
1	85	11705.5072
1	86	11926.5964
1	87	12149.8481
1	88	12375.2476
1	89	12602.7802
1	90	12832.4308
1	91	13064.1843
1	92	13298.0252
1	93	13533.938
1	94	13771.9068
1	95	14011.9155
1	96	14253.948
1	97	14497.9877
1	98	14744.0179
1	99	14992.0217
1	100	15241.982
1	101	15493.8812
1	102	15747.7019
1	103	16003.426
1	104	16261.0355
1	105	16520.5121
1	106	16781.837
1	107	17044.9913
1	108	17309.956
1	109	17576.7116
1	110	17845.2384
1	111	18115.5163
1	112	18387.5252
1	113	18661.2444
1	114	18936.6531
1	115	19213.7301
1	116	19492.4539
1	117	19772.8026
1	118	20054.7541
1	119	20338.2858
1	120	20623.375
1	121	20909.9983
1	122	21198.1322
1	123	21487.7526
1	124	21778.8351
1	125	22071.355
1	126	22365.2869
1	127	22660.6051
1	128	22957.2835
1	129	23255.2955
1	130	23554.6138
1	131	23855.2108
1	132	24157.0583
1	133	24460.1274
1	134	24764.3888
1	135	25069.8125
1	136	25376.3677
1	137	25684.0231
1	138	25992.7467
1	139	26302.5055
1	140	26613.2658
1	141	26924.9933
1	142	27237.6524
1	143	27551.2068
1	144	27865.619
1	145	28180.8505
1	146	28496.8617
1	147	28813.6117
1	148	29131.0581
1	149	29449.1573
1	150	29767.8639
1	151	30087.131
1	152	30406.9097
1	153	30727.1492
1	154	31047.7964
1	155	31368.7958
1	156	31690.0893
1	157	32011.6156
1	158	32333.3102
1	159	32655.1049
1	160	32976.9272
1	161	33298.6998
1	162	33620.3397
1	163	33941.7579
1	164	34262.8574
1	165	34583.5327
1	166	34903.6674
1	167	35223.1323
1	168	35541.782
1	169	35859.4503
1	170	36175.9442
1	171	36491.0337
1	172	36804.4346
1	173	37115.7775
1	174	37424.5438
1	175	37729.9496
1	176	38030.8417
1	177	38326.0576
1	178	38615.5321
2	0	3204.2023
2	1	3206.9319
2	2	3212.3909
2	3	3220.579
2	4	3231.4957
2	5	3245.1404
2	6	3261.5123
2	7	3280.6104
2	8	3302.4337
2	9	3326.9807
2	10	3354.2502
2	11	3384.2404
2	12	3416.9497
2	13	3452.3761
2	14	3490.5175
2	15	3531.3717
2	16	3574.9364
2	17	3621.2088
2	18	3670.1864
2	19	3721.8663
2	20	3776.2453
2	21	3833.3203
2	22	3893.088
2	23	3955.5448
2	24	4020.687
2	25	4088.5108
2	26	4159.0122
2	27	4232.1869
2	28	4308.0308
2	29	4386.5392
2	30	4467.7075
2	31	4551.531
2	32	4638.0046
2	33	4727.1232
2	34	4818.8814
2	35	4913.2739
2	36	5010.2949
2	37	5109.9388
2	38	5212.1994
2	39	5317.0708
2	40	5424.5465
2	41	5534.6202
2	42	5647.2853
2	43	5762.5349
2	44	5880.3621
2	45	6000.7598
2	46	6123.7207
2	47	6249.2374
2	48	6377.3022
2	49	6507.9073
2	50	6641.0449
2	51	6776.7067
2	52	6914.8845
2	53	7055.5699
2	54	7198.7541
2	55	7344.4284
2	56	7492.5839
2	57	7643.2113
2	58	7796.3014
2	59	7951.8446
2	60	8109.8313
2	61	8270.2517
2	62	8433.0957
2	63	8598.3532
2	64	8766.0137
2	65	8936.0668
2	66	9108.5016
2	67	9283.3074
2	68	9460.4729
2	69	9639.987
2	70	9821.8381
2	71	10006.0147
2	72	10192.5049
2	73	10381.2967
2	74	10572.378
2	75	10765.7362
2	76	10961.3589
2	77	11159.2333
2	78	11359.3463
2	79	11561.685
2	80	11766.2358
2	81	11972.9853
2	82	12181.9197
2	83	12393.0249
2	84	12606.287
2	85	12821.6915
2	86	13039.2238
2	87	13258.8691
2	88	13480.6124
2	89	13704.4386
2	90	13930.3321
2	91	14158.2774
2	92	14388.2584
2	93	14620.2592
2	94	14854.2634
2	95	15090.2543
2	96	15328.2153
2	97	15568.1291
2	98	15809.9786
2	99	16053.7461
2	100	16299.4139
2	101	16546.9638
2	102	16796.3776
2	103	17047.6367
2	104	17300.7221
2	105	17555.6147
2	106	17812.2951
2	107	18070.7435
2	108	18330.9399
2	109	18592.864
2	110	18856.495
2	111	19121.8121
2	112	19388.7938
2	113	19657.4186
2	114	19927.6644
2	115	20199.5089
2	116	20472.9293
2	117	20747.9025
2	118	21024.4051
2	119	21302.413
2	120	21581.9019
2	121	21862.8472
2	122	22145.2234
2	123	22429.005
2	124	22714.1657
2	125	23000.6788
2	126	23288.5172
2	127	23577.6529
2	128	23868.0577
2	129	24159.7027
2	130	24452.5581
2	131	24746.5938
2	132	25041.7788
2	133	25338.0814
2	134	25635.4692
2	135	25933.9088
2	136	26233.3663
2	137	26533.8064
2	138	26835.1932
2	139	27137.4896
2	140	27440.6574
2	141	27744.6574
2	142	28049.4488
2	143	28354.9898
2	144	28661.2369
2	145	28968.145
2	146	29275.6675
2	147	29583.7557
2	148	29892.359
2	149	30201.4244
2	150	30510.8966
2	151	30820.7176
2	152	31130.8262
2	153	31441.1579
2	154	31751.6444
2	155	32062.2132
2	156	32372.7868
2	157	32683.2821
2	158	32993.6095
2	159	33303.6718
2	160	33613.3628
2	161	33922.5658
2	162	34231.1505
2	163	34538.9709
2	164	34845.86
2	165	35151.6243
2	166	35456.0339
2	167	35758.8072
2	168	36059.583
2	169	36357.8645
2	170	36652.9069
2	171	36943.5585
2	172	37228.3945
2	173	37506.8749
3	0	4438.4193
3	1	4441.1096
3	2	4446.49
3	3	4454.5602
3	4	4465.3198
3	5	4478.7681
3	6	4494.9042
3	7	4513.7272
3	8	4535.2361
3	9	4559.4293
3	10	4586.3057
3	11	4615.8634
3	12	4648.1008
3	13	4683.0159
3	14	4720.6065
3	15	4760.8705
3	16	4803.8054
3	17	4849.4087
3	18	4897.6775
3	19	4948.6089
3	20	5002.1999
3	21	5058.4473
3	22	5117.3476
3	23	5178.8973
3	24	5243.0926
3	25	5309.9297
3	26	5379.4045
3	27	5451.5127
3	28	5526.2501
3	29	5603.612
3	30	5683.5937
3	31	5766.1904
3	32	5851.397
3	33	5939.2083
3	34	6029.6189
3	35	6122.6234
3	36	6218.2159
3	37	6316.3906
3	38	6417.1414
3	39	6520.4623
3	40	6626.3467
3	41	6734.7881
3	42	6845.7799
3	43	6959.3151
3	44	7075.3867
3	45	7193.9875
3	46	7315.1101
3	47	7438.7469
3	48	7564.8901
3	49	7693.5319
3	50	7824.6642
3	51	7958.2788
3	52	8094.3672
3	53	8232.9207
3	54	8373.9307
3	55	8517.3882
3	56	8663.284
3	57	8811.6089
3	58	8962.3533
3	59	9115.5076
3	60	9271.0619
3	61	9429.0063
3	62	9589.3304
3	63	9752.024
3	64	9917.0764
3	65	10084.4768
3	66	10254.2144
3	67	10426.278
3	68	10600.6562
3	69	10777.3376
3	70	10956.3104
3	71	11137.5627
3	72	11321.0824
3	73	11506.8574
3	74	11694.8749
3	75	11885.1225
3	76	12077.5871
3	77	12272.2557
3	78	12469.115
3	79	12668.1514
3	80	12869.3514
3	81	13072.7008
3	82	13278.1857
3	83	13485.7916
3	84	13695.5039
3	85	13907.308
3	86	14121.1886
3	87	14337.1307
3	88	14555.1187
3	89	14775.1368
3	90	14997.1692
3	91	15221.1997
3	92	15447.2118
3	93	15675.1887
3	94	15905.1137
3	95	16136.9695
3	96	16370.7386
3	97	16606.4033
3	98	16843.9456
3	99	17083.3472
3	100	17324.5896
3	101	17567.6539
3	102	17812.521
3	103	18059.1715
3	104	18307.5855
3	105	18557.743
3	106	18809.6236
3	107	19063.2065
3	108	19318.4708
3	109	19575.3949
3	110	19833.9571
3	111	20094.1352
3	112	20355.9067
3	113	20619.2486
3	114	20884.1375
3	115	21150.5498
3	116	21418.4611
3	117	21687.8468
3	118	21958.6817
3	119	22230.9403
3	120	22504.5963
3	121	22779.6232
3	122	23055.9936
3	123	23333.6798
3	124	23612.6534
3	125	23892.8853
3	126	24174.3459
3	127	24457.0047
3	128	24740.8307
3	129	25025.7919
3	130	25311.8556
3	131	25598.9882
3	132	25887.1554
3	133	26176.3216
3	134	26466.4503
3	135	26757.504
3	136	27049.444
3	137	27342.2302
3	138	27635.8212
3	139	27930.1744
3	140	28225.2453
3	141	28520.9877
3	142	28817.3539
3	143	29114.2939
3	144	29411.7554
3	145	29709.684
3	146	30008.0223
3	147	30306.7101
3	148	30605.6839
3	149	30904.8764
3	150	31204.216
3	151	31503.6266
3	152	31803.0264
3	153	32102.3274
3	154	32401.4342
3	155	32700.2429
3	156	32998.6392
3	157	33296.4962
3	158	33593.6719
3	159	33890.0051
3	160	34185.3096
3	161	34479.3666
3	162	34771.9118
3	163	35062.6134
3	164	35351.0308
3	165	35636.5275
3	166	35918.1101
3	167	36194.3199
3	168	36463.9074
4	0	5644.717
4	1	5647.3673
4	2	5652.6677
4	3	5660.6179
4	4	5671.2174
4	5	5684.4656
4	6	5700.3616
4	7	5718.9044
4	8	5740.093
4	9	5763.9259
4	10	5790.4018
4	11	5819.519
4	12	5851.2756
4	13	5885.6698
4	14	5922.6994
4	15	5962.3621
4	16	6004.6554
4	17	6049.5768
4	18	6097.1234
4	19	6147.2923
4	20	6200.0804
4	21	6255.4844
4	22	6313.5008
4	23	6374.1261
4	24	6437.3564
4	25	6503.1879
4	26	6571.6163
4	27	6642.6375
4	28	6716.2469
4	29	6792.4401
4	30	6871.2121
4	31	6952.558
4	32	7036.4728
4	33	7122.9511
4	34	7211.9875
4	35	7303.5763
4	36	7397.7119
4	37	7494.3881
4	38	7593.5989
4	39	7695.338
4	40	7799.5989
4	41	7906.3749
4	42	8015.6593
4	43	8127.4449
4	44	8241.7248
4	45	8358.4914
4	46	8477.7374
4	47	8599.455
4	48	8723.6363
4	49	8850.2733
4	50	8979.3577
4	51	9110.8813
4	52	9244.8353
4	53	9381.211
4	54	9519.9995
4	55	9661.1917
4	56	9804.7782
4	57	9950.7495
4	58	10099.096
4	59	10249.8078
4	60	10402.8749
4	61	10558.287
4	62	10716.0336
4	63	10876.1042
4	64	11038.488
4	65	11203.1739
4	66	11370.1508
4	67	11539.4072
4	68	11710.9315
4	69	11884.712
4	70	12060.7366
4	71	12238.9932
4	72	12419.4694
4	73	12602.1524
4	74	12787.0296
4	75	12974.0878
4	76	13163.3139
4	77	13354.6944
4	78	13548.2155
4	79	13743.8634
4	80	13941.6239
4	81	14141.4827
4	82	14343.4253
4	83	14547.4367
4	84	14753.502
4	85	14961.6058
4	86	15171.7327
4	87	15383.8668
4	88	15597.9921
4	89	15814.0922
4	90	16032.1508
4	91	16252.1509
4	92	16474.0755
4	93	16697.9073
4	94	16923.6285
4	95	17151.2213
4	96	17380.6675
4	97	17611.9485
4	98	17845.0456
4	99	18079.9397
4	100	18316.6112
4	101	18555.0405
4	102	18795.2074
4	103	19037.0915
4	104	19280.672
4	105	19525.9277
4	106	19772.8371
4	107	20021.3784
4	108	20271.5291
4	109	20523.2665
4	110	20776.5676
4	111	21031.4087
4	112	21287.7658
4	113	21545.6143
4	114	21804.9294
4	115	22065.6854
4	116	22327.8564
4	117	22591.4158
4	118	22856.3364
4	119	23122.5904
4	120	23390.1496
4	121	23658.9849
4	122	23929.0665
4	123	24200.364
4	124	24472.8462
4	125	24746.4812
4	126	25021.2359
4	127	25297.0768
4	128	25573.969
4	129	25851.8769
4	130	26130.7637
4	131	26410.5913
4	132	26691.3207
4	133	26972.9113
4	134	27255.3212
4	135	27538.5069
4	136	27822.4233
4	137	28107.0236
4	138	28392.2587
4	139	28678.0777
4	140	28964.4272
4	141	29251.2512
4	142	29538.4908
4	143	29826.0841
4	144	30113.9653
4	145	30402.065
4	146	30690.3088
4	147	30978.6173
4	148	31266.9054
4	149	31555.0807
4	150	31843.0428
4	151	32130.6819
4	152	32417.8766
4	153	32704.4913
4	154	32990.3734
4	155	33275.348
4	156	33559.2117
4	157	33841.7221
4	158	34122.5821
4	159	34401.4102
4	160	34677.6823
4	161	34950.6094
4	162	35218.9469
4	163	35481.0765
4	164	35736.3544
5	0	6822.5446
5	1	6825.1541
5	2	6830.373
5	3	6838.2008
5	4	6848.6372
5	5	6861.6814
5	6	6877.3326
5	7	6895.5898
5	8	6916.4519
5	9	6939.9175
5	10	6965.9852
5	11	6994.6532
5	12	7025.9198
5	13	7059.783
5	14	7096.2406
5	15	7135.2903
5	16	7176.9295
5	17	7221.1557
5	18	7267.966
5	19	7317.3573
5	20	7369.3267
5	21	7423.8706
5	22	7480.9857
5	23	7540.6682
5	24	7602.9143
5	25	7667.7201
5	26	7735.0812
5	27	7804.9935
5	28	7877.4524
5	29	7952.4531
5	30	8029.9908
5	31	8110.0606
5	32	8192.6572
5	33	8277.7752
5	34	8365.4092
5	35	8455.5532
5	36	8548.2016
5	37	8643.3482
5	38	8740.9868
5	39	8841.111
5	40	8943.7141
5	41	9048.7895
5	42	9156.3301
5	43	9266.3289
5	44	9378.7785
5	45	9493.6714
5	46	9611.0001
5	47	9730.7566
5	48	9852.933
5	49	9977.521
5	50	10104.5123
5	51	10233.8982
5	52	10365.67
5	53	10499.8188
5	54	10636.3354
5	55	10775.2106
5	56	10916.4347
5	57	11059.9981
5	58	11205.8909
5	59	11354.103
5	60	11504.6242
5	61	11657.4438
5	62	11812.5513
5	63	11969.9358
5	64	12129.5862
5	65	12291.4912
5	66	12455.6394
5	67	12622.0189
5	68	12790.618
5	69	12961.4245
5	70	13134.426
5	71	13309.6101
5	72	13486.9639
5	73	13666.4745
5	74	13848.1287
5	75	14031.9131
5	76	14217.8139
5	77	14405.8173
5	78	14595.9092
5	79	14788.0753
5	80	14982.3008
5	81	15178.5711
5	82	15376.8709
5	83	15577.1849
5	84	15779.4975
5	85	15983.793
5	86	16190.0551
5	87	16398.2674
5	88	16608.4133
5	89	16820.4758
5	90	17034.4377
5	91	17250.2814
5	92	17467.9892
5	93	17687.5429
5	94	17908.9241
5	95	18132.1139
5	96	18357.0934
5	97	18583.843
5	98	18812.3431
5	99	19042.5735
5	100	19274.5138
5	101	19508.143
5	102	19743.44
5	103	19980.3831
5	104	20218.9503
5	105	20459.1191
5	106	20700.8666
5	107	20944.1696
5	108	21189.0041
5	109	21435.346
5	110	21683.1703
5	111	21932.4519
5	112	22183.1647
5	113	22435.2825
5	114	22688.7782
5	115	22943.6241
5	116	23199.792
5	117	23457.2529
5	118	23715.9772
5	119	23975.9344
5	120	24237.0933
5	121	24499.422
5	122	24762.8873
5	123	25027.4557
5	124	25293.092
5	125	25559.7606
5	126	25827.4244
5	127	26096.0451
5	128	26365.5833
5	129	26635.9981
5	130	26907.2471
5	131	27179.2864
5	132	27452.0702
5	133	27725.5511
5	134	27999.6792
5	135	28274.4027
5	136	28549.6673
5	137	28825.4157
5	138	29101.5878
5	139	29378.1201
5	140	29654.9452
5	141	29931.9915
5	142	30209.1825
5	143	30486.4361
5	144	30763.6638
5	145	31040.7698
5	146	31317.6494
5	147	31594.1874
5	148	31870.256
5	149	32145.7123
5	150	32420.3936
5	151	32694.1128
5	152	32966.6502
5	153	33237.7414
5	154	33507.057
5	155	33774.1647
5	156	34038.4504
5	157	34298.9585
5	158	34554.215
5	159	34802.6918
5	160	35043.4676
6	0	7971.3372
6	1	7973.9051
6	2	7979.0408
6	3	7986.7438
6	4	7997.0137
6	5	8009.8499
6	6	8025.2514
6	7	8043.2172
6	8	8063.7463
6	9	8086.8372
6	10	8112.4884
6	11	8140.6983
6	12	8171.4649
6	13	8204.7863
6	14	8240.6603
6	15	8279.0844
6	16	8320.0563
6	17	8363.5731
6	18	8409.6319
6	19	8458.2299
6	20	8509.3636
6	21	8563.0298
6	22	8619.2249
6	23	8677.9452
6	24	8739.1867
6	25	8802.9454
6	26	8869.2171
6	27	8937.9972
6	28	9009.2813
6	29	9083.0646
6	30	9159.342
6	31	9238.1086
6	32	9319.3589
6	33	9403.0876
6	34	9489.289
6	35	9577.9572
6	36	9669.0863
6	37	9762.6701
6	38	9858.7022
6	39	9957.1761
6	40	10058.085
6	41	10161.4221
6	42	10267.1803
6	43	10375.3523
6	44	10485.9306
6	45	10598.9076
6	46	10714.2756
6	47	10832.0264
6	48	10952.1519
6	49	11074.6437
6	50	11199.4932
6	51	11326.6917
6	52	11456.2302
6	53	11588.0995
6	54	11722.2903
6	55	11858.793
6	56	11997.5979
6	57	12138.6951
6	58	12282.0744
6	59	12427.7255
6	60	12575.6377
6	61	12725.8005
6	62	12878.2026
6	63	13032.8331
6	64	13189.6806
6	65	13348.7333
6	66	13509.9795
6	67	13673.4072
6	68	13839.0041
6	69	14006.7577
6	70	14176.6553
6	71	14348.684
6	72	14522.8305
6	73	14699.0816
6	74	14877.4235
6	75	15057.8424
6	76	15240.3241
6	77	15424.8543
6	78	15611.4183
6	79	15800.0012
6	80	15990.5879
6	81	16183.163
6	82	16377.7108
6	83	16574.2153
6	84	16772.6603
6	85	16973.0293
6	86	17175.3054
6	87	17379.4716
6	88	17585.5104
6	89	17793.404
6	90	18003.1346
6	91	18214.6836
6	92	18428.0324
6	93	18643.1619
6	94	18860.0527
6	95	19078.6851
6	96	19299.039
6	97	19521.0938
6	98	19744.8286
6	99	19970.2222
6	100	20197.2528
6	101	20425.8983
6	102	20656.136
6	103	20887.943
6	104	21121.2956
6	105	21356.1699
6	106	21592.5413
6	107	21830.3847
6	108	22069.6744
6	109	22310.3843
6	110	22552.4876
6	111	22795.9567
6	112	23040.7636
6	113	23286.8793
6	114	23534.2745
6	115	23782.9186
6	116	24032.7807
6	117	24283.8287
6	118	24536.0296
6	119	24789.3497
6	120	25043.7541
6	121	25299.2067
6	122	25555.6704
6	123	25813.1069
6	124	26071.4765
6	125	26330.738
6	126	26590.8487
6	127	26851.7644
6	128	27113.4388
6	129	27375.8238
6	130	27638.8692
6	131	27902.5223
6	132	28166.728
6	133	28431.4281
6	134	28696.5614
6	135	28962.063
6	136	29227.8642
6	137	29493.8915
6	138	29760.0665
6	139	30026.3047
6	140	30292.5151
6	141	30558.5984
6	142	30824.446
6	143	31089.9382
6	144	31354.9415
6	145	31619.3056
6	146	31882.8591
6	147	32145.4032
6	148	32406.7028
6	149	32666.4715
6	150	32924.3473
6	151	33179.8435
6	152	33432.2453
6	153	33680.4165
6	154	33922.717
6	155	34157.9968
7	0	9090.5142
7	1	9093.0396
7	2	9098.0903
7	3	9105.6659
7	4	9115.7659
7	5	9128.3896
7	6	9143.5362
7	7	9161.2046
7	8	9181.3936
7	9	9204.1019
7	10	9229.3279
7	11	9257.0699
7	12	9287.326
7	13	9320.0941
7	14	9355.3721
7	15	9393.1575
7	16	9433.4477
7	17	9476.24
7	18	9521.5315
7	19	9569.319
7	20	9619.5992
7	21	9672.3688
7	22	9727.6241
7	23	9785.3614
7	24	9845.5765
7	25	9908.2654
7	26	9973.4238
7	27	10041.0471
7	28	10111.1306
7	29	10183.6696
7	30	10258.6589
7	31	10336.0934
7	32	10415.9675
7	33	10498.2758
7	34	10583.0126
7	35	10670.1717
7	36	10759.7472
7	37	10851.7326
7	38	10946.1216
7	39	11042.9074
7	40	11142.0831
7	41	11243.6417
7	42	11347.576
7	43	11453.8785
7	44	11562.5416
7	45	11673.5575
7	46	11786.9181
7	47	11902.6153
7	48	12020.6407
7	49	12140.9857
7	50	12263.6414
7	51	12388.599
7	52	12515.8491
7	53	12645.3825
7	54	12777.1895
7	55	12911.2604
7	56	13047.585
7	57	13186.1532
7	58	13326.9546
7	59	13469.9785
7	60	13615.2141
7	61	13762.6502
7	62	13912.2757
7	63	14064.0789
7	64	14218.0482
7	65	14374.1715
7	66	14532.4367
7	67	14692.8314
7	68	14855.3428
7	69	15019.9582
7	70	15186.6642
7	71	15355.4476
7	72	15526.2947
7	73	15699.1916
7	74	15874.1242
7	75	16051.078
7	76	16230.0384
7	77	16410.9904
7	78	16593.9188
7	79	16778.8081
7	80	16965.6425
7	81	17154.406
7	82	17345.0822
7	83	17537.6544
7	84	17732.1055
7	85	17928.4184
7	86	18126.5754
7	87	18326.5586
7	88	18528.3495
7	89	18731.9297
7	90	18937.2801
7	91	19144.3813
7	92	19353.2135
7	93	19563.7568
7	94	19775.9904
7	95	19989.8936
7	96	20205.4448
7	97	20422.6223
7	98	20641.4039
7	99	20861.7667
7	100	21083.6876
7	101	21307.1428
7	102	21532.1081
7	103	21758.5587
7	104	21986.4691
7	105	22215.8135
7	106	22446.5652
7	107	22678.6969
7	108	22912.1809
7	109	23146.9883
7	110	23383.0899
7	111	23620.4554
7	112	23859.0539
7	113	24098.8534
7	114	24339.8211
7	115	24581.9233
7	116	24825.125
7	117	25069.3902
7	118	25314.6819
7	119	25560.9615
7	120	25808.1892
7	121	26056.3237
7	122	26305.3222
7	123	26555.1399
7	124	26805.7304
7	125	27057.0452
7	126	27309.0336
7	127	27561.6422
7	128	27814.8153
7	129	28068.494
7	130	28322.616
7	131	28577.1154
7	132	28831.9221
7	133	29086.9613
7	134	29342.1527
7	135	29597.4099
7	136	29852.6391
7	137	30107.7382
7	138	30362.5952
7	139	30617.0859
7	140	30871.0714
7	141	31124.3948
7	142	31376.8761
7	143	31628.3051
7	144	31878.4311
7	145	32126.9455
7	146	32373.4512
7	147	32617.4001
7	148	32857.9602
7	149	33093.806
7	150	33323.253
7	151	33545.7715
8	0	10179.4768
8	1	10181.9589
8	2	10186.9227
8	3	10194.3681
8	4	10204.2944
8	5	10216.7011
8	6	10231.5871
8	7	10248.9515
8	8	10268.793
8	9	10291.1102
8	10	10315.9016
8	11	10343.1654
8	12	10372.8997
8	13	10405.1024
8	14	10439.7712
8	15	10476.9036
8	16	10516.497
8	17	10558.5487
8	18	10603.0555
8	19	10650.0144
8	20	10699.4221
8	21	10751.2749
8	22	10805.5692
8	23	10862.3011
8	24	10921.4666
8	25	10983.0614
8	26	11047.081
8	27	11113.521
8	28	11182.3764
8	29	11253.6424
8	30	11327.3137
8	31	11403.3851
8	32	11481.851
8	33	11562.7057
8	34	11645.9433
8	35	11731.5578
8	36	11819.5427
8	37	11909.8918
8	38	12002.5983
8	39	12097.6554
8	40	12195.0561
8	41	12294.793
8	42	12396.8589
8	43	12501.2461
8	44	12607.9467
8	45	12716.9527
8	46	12828.256
8	47	12941.848
8	48	13057.7203
8	49	13175.8639
8	50	13296.2698
8	51	13418.9288
8	52	13543.8314
8	53	13670.9679
8	54	13800.3286
8	55	13931.9032
8	56	14065.6815
8	57	14201.653
8	58	14339.8068
8	59	14480.1321
8	60	14622.6175
8	61	14767.2517
8	62	14914.0231
8	63	15062.9196
8	64	15213.9292
8	65	15367.0394
8	66	15522.2377
8	67	15679.5111
8	68	15838.8465
8	69	16000.2306
8	70	16163.6496
8	71	16329.0897
8	72	16496.5367
8	73	16665.9761
8	74	16837.3932
8	75	17010.773
8	76	17186.1001
8	77	17363.359
8	78	17542.5337
8	79	17723.6081
8	80	17906.5655
8	81	18091.3892
8	82	18278.062
8	83	18466.5663
8	84	18656.8843
8	85	18848.9978
8	86	19042.8882
8	87	19238.5365
8	88	19435.9234
8	89	19635.0292
8	90	19835.8338
8	91	20038.3165
8	92	20242.4564
8	93	20448.2321
8	94	20655.6216
8	95	20864.6025
8	96	21075.152
8	97	21287.2467
8	98	21500.8626
8	99	21715.9753
8	100	21932.5596
8	101	22150.5899
8	102	22370.0399
8	103	22590.8826
8	104	22813.0902
8	105	23036.6345
8	106	23261.4862
8	107	23487.6153
8	108	23714.991
8	109	23943.5816
8	110	24173.3544
8	111	24404.2757
8	112	24636.3106
8	113	24869.4234
8	114	25103.5767
8	115	25338.7322
8	116	25574.8499
8	117	25811.8885
8	118	26049.8049
8	119	26288.5544
8	120	26528.0902
8	121	26768.3634
8	122	27009.3229
8	123	27250.9151
8	124	27493.0834
8	125	27735.7683
8	126	27978.9067
8	127	28222.4319
8	128	28466.2725
8	129	28710.3523
8	130	28954.5896
8	131	29198.8958
8	132	29443.175
8	133	29687.3224
8	134	29931.2223
8	135	30174.7465
8	136	30417.751
8	137	30660.0722
8	138	30901.5213
8	139	31141.8766
8	140	31380.8712
8	141	31618.1721
8	142	31853.3424
8	143	32085.7606
8	144	32314.4548
8	145	32537.9192
8	146	32754.6422
9	0	11237.6062
9	1	11240.0438
9	2	11244.9189
9	3	11252.2311
9	4	11261.9798
9	5	11274.1643
9	6	11288.7838
9	7	11305.8372
9	8	11325.3231
9	9	11347.2403
9	10	11371.5871
9	11	11398.3616
9	12	11427.562
9	13	11459.186
9	14	11493.2314
9	15	11529.6957
9	16	11568.576
9	17	11609.8697
9	18	11653.5736
9	19	11699.6844
9	20	11748.1988
9	21	11799.1132
9	22	11852.4237
9	23	11908.1265
9	24	11966.2173
9	25	12026.6918
9	26	12089.5455
9	27	12154.7736
9	28	12222.3713
9	29	12292.3334
9	30	12364.6548
9	31	12439.3298
9	32	12516.3529
9	33	12595.7182
9	34	12677.4197
9	35	12761.451
9	36	12847.8059
9	37	12936.4776
9	38	13027.4593
9	39	13120.7439
9	40	13216.3244
9	41	13314.1931
9	42	13414.3426
9	43	13516.7649
9	44	13621.452
9	45	13728.3957
9	46	13837.5875
9	47	13949.0187
9	48	14062.6805
9	49	14178.5638
9	50	14296.6592
9	51	14416.9572
9	52	14539.4481
9	53	14664.1218
9	54	14790.9683
9	55	14919.977
9	56	15051.1374
9	57	15184.4384
9	58	15319.8691
9	59	15457.4179
9	60	15597.0734
9	61	15738.8237
9	62	15882.6566
9	63	16028.5598
9	64	16176.5207
9	65	16326.5265
9	66	16478.5639
9	67	16632.6196
9	68	16788.68
9	69	16946.731
9	70	17106.7584
9	71	17268.7477
9	72	17432.6842
9	73	17598.5525
9	74	17766.3375
9	75	17936.0232
9	76	18107.5937
9	77	18281.0326
9	78	18456.3232
9	79	18633.4483
9	80	18812.3907
9	81	18993.1325
9	82	19175.6556
9	83	19359.9414
9	84	19545.9712
9	85	19733.7255
9	86	19923.1847
9	87	20114.3286
9	88	20307.1366
9	89	20501.5877
9	90	20697.6603
9	91	20895.3325
9	92	21094.5817
9	93	21295.3849
9	94	21497.7185
9	95	21701.5584
9	96	21906.8799
9	97	22113.6575
9	98	22321.8653
9	99	22531.4765
9	100	22742.4638
9	101	22954.799
9	102	23168.4533
9	103	23383.3968
9	104	23599.599
9	105	23817.0283
9	106	24035.6522
9	107	24255.4372
9	108	24476.3485
9	109	24698.3504
9	110	24921.4058
9	111	25145.4763
9	112	25370.5219
9	113	25596.5014
9	114	25823.3714
9	115	26051.0872
9	116	26279.6017
9	117	26508.866
9	118	26738.8284
9	119	26969.435
9	120	27200.6288
9	121	27432.3496
9	122	27664.5337
9	123	27897.1133
9	124	28130.016
9	125	28363.1644
9	126	28596.4752
9	127	28829.8581
9	128	29063.2148
9	129	29296.4378
9	130	29529.4081
9	131	29761.9933
9	132	29994.044
9	133	30225.3897
9	134	30455.8326
9	135	30685.1384
9	136	30913.0222
9	137	31139.1231
9	138	31362.9558
9	139	31583.8057
9	140	31800.5329
9	141	32011.5065
9	142	32215.7165
10	0	12264.2604
10	1	12266.6526
10	2	12271.4367
10	3	12278.6124
10	4	12288.1792
10	5	12300.1363
10	6	12314.4828
10	7	12331.2176
10	8	12350.3394
10	9	12371.8468
10	10	12395.7381
10	11	12422.0114
10	12	12450.6649
10	13	12481.6962
10	14	12515.103
10	15	12550.8826
10	16	12589.0324
10	17	12629.5495
10	18	12672.4305
10	19	12717.6724
10	20	12765.2714
10	21	12815.224
10	22	12867.5263
10	23	12922.1741
10	24	12979.1633
10	25	13038.4893
10	26	13100.1476
10	27	13164.1332
10	28	13230.4412
10	29	13299.0662
10	30	13370.003
10	31	13443.2458
10	32	13518.7889
10	33	13596.6262
10	34	13676.7514
10	35	13759.1583
10	36	13843.8402
10	37	13930.7901
10	38	14020.0012
10	39	14111.4661
10	40	14205.1775
10	41	14301.1276
10	42	14399.3087
10	43	14499.7125
10	44	14602.3309
10	45	14707.1552
10	46	14814.1769
10	47	14923.3868
10	48	15034.7759
10	49	15148.3348
10	50	15264.0537
10	51	15381.9229
10	52	15501.9323
10	53	15624.0714
10	54	15748.3298
10	55	15874.6967
10	56	16003.1609
10	57	16133.7113
10	58	16266.3361
10	59	16401.0236
10	60	16537.7618
10	61	16676.5383
10	62	16817.3405
10	63	16960.1555
10	64	17104.9702
10	65	17251.7712
10	66	17400.5446
10	67	17551.2766
10	68	17703.9528
10	69	17858.5586
10	70	18015.0791
10	71	18173.499
10	72	18333.8027
10	73	18495.9745
10	74	18659.998
10	75	18825.8568
10	76	18993.5337
10	77	19163.0116
10	78	19334.2728
10	79	19507.2992
10	80	19682.0724
10	81	19858.5735
10	82	20036.7832
10	83	20216.6818
10	84	20398.2492
10	85	20581.4647
10	86	20766.3072
10	87	20952.7552
10	88	21140.7865
10	89	21330.3784
10	90	21521.5078
10	91	21714.1509
10	92	21908.2833
10	93	22103.88
10	94	22300.9153
10	95	22499.3628
10	96	22699.1955
10	97	22900.3855
10	98	23102.9043
10	99	23306.7222
10	100	23511.809
10	101	23718.1333
10	102	23925.6629
10	103	24134.3643
10	104	24344.2032
10	105	24555.1437
10	106	24767.149
10	107	24980.1807
10	108	25194.1989
10	109	25409.1623
10	110	25625.0276
10	111	25841.7499
10	112	26059.2821
10	113	26277.5749
10	114	26496.5765
10	115	26716.2326
10	116	26936.4856
10	117	27157.2749
10	118	27378.536
10	119	27600.2003
10	120	27822.1944
10	121	28044.4396
10	122	28266.8511
10	123	28489.3366
10	124	28711.7958
10	125	28934.1181
10	126	29156.1812
10	127	29377.8481
10	128	29598.9638
10	129	29819.3502
10	130	30038.7995
10	131	30257.0632
10	132	30473.8351
10	133	30688.72
10	134	30901.1701
10	135	31110.3476
10	136	31314.922
10	137	31513.2975
10	138	31705.0835
11	0	13258.7716
11	1	13261.1171
11	2	13265.8079
11	3	13272.8437
11	4	13282.2239
11	5	13293.9478
11	6	13308.0143
11	7	13324.4224
11	8	13343.1708
11	9	13364.2579
11	10	13387.6821
11	11	13413.4414
11	12	13441.5339
11	13	13471.9572
11	14	13504.7088
11	15	13539.7863
11	16	13577.1866
11	17	13616.9068
11	18	13658.9437
11	19	13703.2939
11	20	13749.9536
11	21	13798.9193
11	22	13850.1867
11	23	13903.7519
11	24	13959.6103
11	25	14017.7574
11	26	14078.1883
11	27	14140.8982
11	28	14205.8819
11	29	14273.1338
11	30	14342.6485
11	31	14414.4202
11	32	14488.4428
11	33	14564.7102
11	34	14643.2159
11	35	14723.9534
11	36	14806.9157
11	37	14892.0958
11	38	14979.4865
11	39	15069.0804
11	40	15160.8696
11	41	15254.8463
11	42	15351.0023
11	43	15449.3293
11	44	15549.8187
11	45	15652.4617
11	46	15757.2492
11	47	15864.172
11	48	15973.2205
11	49	16084.385
11	50	16197.6555
11	51	16313.0217
11	52	16430.4731
11	53	16549.9991
11	54	16671.5886
11	55	16795.2303
11	56	16920.9128
11	57	17048.6242
11	58	17178.3525
11	59	17310.0854
11	60	17443.8102
11	61	17579.5141
11	62	17717.1839
11	63	17856.8061
11	64	17998.3669
11	65	18141.8522
11	66	18287.2476
11	67	18434.5385
11	68	18583.7097
11	69	18734.7458
11	70	18887.6312
11	71	19042.3498
11	72	19198.885
11	73	19357.2202
11	74	19517.338
11	75	19679.221
11	76	19842.8512
11	77	20008.2101
11	78	20175.2789
11	79	20344.0384
11	80	20514.4689
11	81	20686.5502
11	82	20860.2615
11	83	21035.5818
11	84	21212.4893
11	85	21390.9619
11	86	21570.9766
11	87	21752.5101
11	88	21935.5384
11	89	22120.0369
11	90	22305.9803
11	91	22493.3425
11	92	22682.0967
11	93	22872.2156
11	94	23063.6707
11	95	23256.4329
11	96	23450.472
11	97	23645.7571
11	98	23842.256
11	99	24039.9357
11	100	24238.7617
11	101	24438.6987
11	102	24639.7098
11	103	24841.7566
11	104	25044.7996
11	105	25248.7972
11	106	25453.7063
11	107	25659.4818
11	108	25866.0766
11	109	26073.4411
11	110	26281.5234
11	111	26490.2686
11	112	26699.6189
11	113	26909.5129
11	114	27119.8857
11	115	27330.6675
11	116	27541.7841
11	117	27753.1555
11	118	27964.695
11	119	28176.3086
11	120	28387.8935
11	121	28599.336
11	122	28810.5099
11	123	29021.2734
11	124	29231.4649
11	125	29440.898
11	126	29649.3528
11	127	29856.5639
11	128	30062.1988
11	129	30265.8174
11	130	30466.785
11	131	30664.0994
11	132	30856.2574
11	133	31042.0339
12	0	14220.4423
12	1	14222.7399
12	2	14227.335
12	3	14234.2271
12	4	14243.4157
12	5	14254.9
12	6	14268.6791
12	7	14284.7517
12	8	14303.1165
12	9	14323.772
12	10	14346.7164
12	11	14371.9478
12	12	14399.464
12	13	14429.2628
12	14	14461.3415
12	15	14495.6975
12	16	14532.3279
12	17	14571.2295
12	18	14612.399
12	19	14655.8328
12	20	14701.5274
12	21	14749.4787
12	22	14799.6826
12	23	14852.1348
12	24	14906.8308
12	25	14963.7658
12	26	15022.9349
12	27	15084.333
12	28	15147.9546
12	29	15213.7943
12	30	15281.8462
12	31	15352.1044
12	32	15424.5627
12	33	15499.2145
12	34	15576.0534
12	35	15655.0724
12	36	15736.2645
12	37	15819.6223
12	38	15905.1384
12	39	15992.805
12	40	16082.614
12	41	16174.5574
12	42	16268.6266
12	43	16364.813
12	44	16463.1075
12	45	16563.5012
12	46	16665.9846
12	47	16770.5479
12	48	16877.1813
12	49	16985.8747
12	50	17096.6176
12	51	17209.3993
12	52	17324.2089
12	53	17441.0352
12	54	17559.8666
12	55	17680.6915
12	56	17803.4976
12	57	17928.2728
12	58	18055.0044
12	59	18183.6794
12	60	18314.2845
12	61	18446.8064
12	62	18581.2309
12	63	18717.5441
12	64	18855.7313
12	65	18995.7777
12	66	19137.6681
12	67	19281.3868
12	68	19426.9181
12	69	19574.2455
12	70	19723.3524
12	71	19874.2217
12	72	20026.8358
12	73	20181.177
12	74	20337.2268
12	75	20494.9664
12	76	20654.3766
12	77	20815.4377
12	78	20978.1294
12	79	21142.4311
12	80	21308.3214
12	81	21475.7786
12	82	21644.7802
12	83	21815.3033
12	84	21987.3243
12	85	22160.8189
12	86	22335.7623
12	87	22512.1286
12	88	22689.8917
12	89	22869.0242
12	90	23049.4982
12	91	23231.2849
12	92	23414.3543
12	93	23598.6758
12	94	23784.2175
12	95	23970.9465
12	96	24158.8288
12	97	24347.829
12	98	24537.9104
12	99	24729.0349
12	100	24921.1628
12	101	25114.2527
12	102	25308.2616
12	103	25503.1441
12	104	25698.8531
12	105	25895.3389
12	106	26092.5491
12	107	26290.4286
12	108	26488.9192
12	109	26687.9588
12	110	26887.4816
12	111	27087.4172
12	112	27287.6899
12	113	27488.2183
12	114	27688.9142
12	115	27889.6813
12	116	28090.4137
12	117	28290.9947
12	118	28491.2936
12	119	28691.1626
12	120	28890.4329
12	121	29088.9075
12	122	29286.3523
12	123	29482.4802
12	124	29676.9239
12	125	29869.1799
12	126	30058.4883
12	127	30243.6404
12	128	30423.1033
12	129	30596.4541
13	0	15148.542
13	1	15150.7904
13	2	15155.287
13	3	15162.0314
13	4	15171.0229
13	5	15182.2608
13	6	15195.7442
13	7	15211.4717
13	8	15229.442
13	9	15249.6535
13	10	15272.1044
13	11	15296.7927
13	12	15323.7161
13	13	15352.8723
13	14	15384.2587
13	15	15417.8724
13	16	15453.7105
13	17	15491.7696
13	18	15532.0464
13	19	15574.5372
13	20	15619.2382
13	21	15666.1454
13	22	15715.2543
13	23	15766.5607
13	24	15820.0597
13	25	15875.7465
13	26	15933.616
13	27	15993.6628
13	28	16055.8814
13	29	16120.266
13	30	16186.8106
13	31	16255.509
13	32	16326.3548
13	33	16399.3413
13	34	16474.4615
13	35	16551.7085
13	36	16631.0748
13	37	16712.5528
13	38	16796.1347
13	39	16881.8124
13	40	16969.5777
13	41	17059.4219
13	42	17151.3363
13	43	17245.3119
13	44	17341.3392
13	45	17439.4087
13	46	17539.5107
13	47	17641.6349
13	48	17745.7711
13	49	17851.9086
13	50	17960.0366
13	51	18070.1437
13	52	18182.2185
13	53	18296.2493
13	54	18412.2239
13	55	18530.13
13	56	18649.955
13	57	18771.6857
13	58	18895.309
13	59	19020.8111
13	60	19148.178
13	61	19277.3955
13	62	19408.4489
13	63	19541.323
13	64	19676.0025
13	65	19812.4717
13	66	19950.7143
13	67	20090.7137
13	68	20232.453
13	69	20375.9148
13	70	20521.0811
13	71	20667.9338
13	72	20816.4539
13	73	20966.6223
13	74	21118.4192
13	75	21271.8244
13	76	21426.817
13	77	21583.3756
13	78	21741.4784
13	79	21901.1027
13	80	22062.2253
13	81	22224.8225
13	82	22388.8696
13	83	22554.3415
13	84	22721.2121
13	85	22889.4545
13	86	23059.0411
13	87	23229.9434
13	88	23402.1318
13	89	23575.5759
13	90	23750.2442
13	91	23926.1038
13	92	24103.1211
13	93	24281.2608
13	94	24460.4864
13	95	24640.7599
13	96	24822.0417
13	97	25004.2905
13	98	25187.463
13	99	25371.5142
13	100	25556.3964
13	101	25742.0598
13	102	25928.4518
13	103	26115.5169
13	104	26303.1961
13	105	26491.427
13	106	26680.1427
13	107	26869.2717
13	108	27058.7371
13	109	27248.4559
13	110	27438.3376
13	111	27628.2834
13	112	27818.1845
13	113	28007.9198
13	114	28197.3533
13	115	28386.3306
13	116	28574.6732
13	117	28762.1716
13	118	28948.5728
13	119	29133.5611
13	120	29316.7196
13	121	29497.4496
13	122	29674.8088
13	123	29847.3882
14	0	16042.3023
14	1	16044.5
14	2	16048.8951
14	3	16055.4872
14	4	16064.2757
14	5	16075.2598
14	6	16088.4385
14	7	16103.8105
14	8	16121.3743
14	9	16141.1283
14	10	16163.0706
14	11	16187.1992
14	12	16213.5118
14	13	16242.0058
14	14	16272.6786
14	15	16305.5272
14	16	16340.5485
14	17	16377.7391
14	18	16417.0955
14	19	16458.614
14	20	16502.2905
14	21	16548.1208
14	22	16596.1004
14	23	16646.2248
14	24	16698.489
14	25	16752.888
14	26	16809.4165
14	27	16868.0688
14	28	16928.8392
14	29	16991.7217
14	30	17056.7101
14	31	17123.7978
14	32	17192.9783
14	33	17264.2444
14	34	17337.5892
14	35	17413.005
14	36	17490.4843
14	37	17570.019
14	38	17651.6011
14	39	17735.2221
14	40	17820.8733
14	41	17908.5457
14	42	17998.2302
14	43	18089.9172
14	44	18183.597
14	45	18279.2596
14	46	18376.8945
14	47	18476.4913
14	48	18578.0391
14	49	18681.5265
14	50	18786.9422
14	51	18894.2744
14	52	19003.5109
14	53	19114.6393
14	54	19227.6469
14	55	19342.5205
14	56	19459.2468
14	57	19577.8119
14	58	19698.2018
14	59	19820.4019
14	60	19944.3973
14	61	20070.1728
14	62	20197.7128
14	63	20327.0012
14	64	20458.0215
14	65	20590.7568
14	66	20725.1898
14	67	20861.3026
14	68	20999.077
14	69	21138.4942
14	70	21279.535
14	71	21422.1794
14	72	21566.4073
14	73	21712.1976
14	74	21859.5289
14	75	22008.379
14	76	22158.7252
14	77	22310.544
14	78	22463.8113
14	79	22618.5023
14	80	22774.5913
14	81	22932.0517
14	82	23090.8564
14	83	23250.9771
14	84	23412.3845
14	85	23575.0485
14	86	23738.9378
14	87	23904.02
14	88	24070.2615
14	89	24237.6271
14	90	24406.0806
14	91	24575.5841
14	92	24746.0979
14	93	24917.5809
14	94	25089.9897
14	95	25263.279
14	96	25437.4012
14	97	25612.306
14	98	25787.9406
14	99	25964.2488
14	100	26141.1712
14	101	26318.6442
14	102	26496.6003
14	103	26674.9664
14	104	26853.6643
14	105	27032.6087
14	106	27211.707
14	107	27390.8571
14	108	27569.9462
14	109	27748.8484
14	110	27927.421
14	111	28105.501
14	112	28282.8981
14	113	28459.3859
14	114	28634.6862
14	115	28808.4418
14	116	28980.16
14	117	29149.0916
14	118	29314.0563
14	119	29473.6674
15	0	16900.9116
15	1	16903.0569
15	2	16907.3473
15	3	16913.7822
15	4	16922.3612
15	5	16933.0833
15	6	16945.9475
15	7	16960.9524
15	8	16978.0966
15	9	16997.3783
15	10	17018.7955
15	11	17042.3462
15	12	17068.028
15	13	17095.8382
15	14	17125.774
15	15	17157.8323
15	16	17192.01
15	17	17228.3036
15	18	17266.7092
15	19	17307.2231
15	20	17349.8409
15	21	17394.5584
15	22	17441.3709
15	23	17490.2736
15	24	17541.2613
15	25	17594.3288
15	26	17649.4705
15	27	17706.6805
15	28	17765.953
15	29	17827.2815
15	30	17890.6596
15	31	17956.0805
15	32	18023.5371
15	33	18093.0223
15	34	18164.5284
15	35	18238.0477
15	36	18313.5721
15	37	18391.0933
15	38	18470.6027
15	39	18552.0915
15	40	18635.5506
15	41	18720.9704
15	42	18808.3413
15	43	18897.6533
15	44	18988.8962
15	45	19082.0593
15	46	19177.1317
15	47	19274.1023
15	48	19372.9594
15	49	19473.6914
15	50	19576.2859
15	51	19680.7306
15	52	19787.0124
15	53	19895.1183
15	54	20005.0347
15	55	20116.7475
15	56	20230.2425
15	57	20345.505
15	58	20462.5199
15	59	20581.2716
15	60	20701.7442
15	61	20823.9214
15	62	20947.7862
15	63	21073.3214
15	64	21200.5093
15	65	21329.3314
15	66	21459.7692
15	67	21591.8031
15	68	21725.4134
15	69	21860.5797
15	70	21997.2807
15	71	22135.495
15	72	22275.2001
15	73	22416.373
15	74	22558.99
15	75	22703.0266
15	76	22848.4576
15	77	22995.2568
15	78	23143.3972
15	79	23292.8511
15	80	23443.5894
15	81	23595.5822
15	82	23748.7987
15	83	23903.2064
15	84	24058.772
15	85	24215.4606
15	86	24373.236
15	87	24532.0603
15	88	24691.8941
15	89	24852.6959
15	90	25014.4225
15	91	25177.0282
15	92	25340.4653
15	93	25504.6831
15	94	25669.6282
15	95	25835.2438
15	96	26001.4697
15	97	26168.2415
15	98	26335.49
15	99	26503.1409
15	100	26671.1139
15	101	26839.3214
15	102	27007.6675
15	103	27176.0465
15	104	27344.3406
15	105	27512.4175
15	106	27680.1263
15	107	27847.2924
15	108	28013.7099
15	109	28179.129
15	110	28343.2351
15	111	28505.6065
15	112	28665.6246
15	113	28822.3112
15	114	28974.317
15	115	29120.9671
16	0	17723.5091
16	1	17725.6002
16	2	17729.7822
16	3	17736.0546
16	4	17744.4168
16	5	17754.8679
16	6	17767.4067
16	7	17782.0318
16	8	17798.7418
16	9	17817.5349
16	10	17838.4088
16	11	17861.3616
16	12	17886.3905
16	13	17913.493
16	14	17942.666
16	15	17973.9065
16	16	18007.2109
16	17	18042.5756
16	18	18079.9968
16	19	18119.4703
16	20	18160.9918
16	21	18204.5567
16	22	18250.1601
16	23	18297.797
16	24	18347.462
16	25	18399.1495
16	26	18452.8538
16	27	18508.5686
16	28	18566.2878
16	29	18626.0047
16	30	18687.7124
16	31	18751.4039
16	32	18817.0717
16	33	18884.7082
16	34	18954.3054
16	35	19025.8552
16	36	19099.3491
16	37	19174.7782
16	38	19252.1336
16	39	19331.4058
16	40	19412.5852
16	41	19495.6618
16	42	19580.6254
16	43	19667.4654
16	44	19756.1709
16	45	19846.7305
16	46	19939.1328
16	47	20033.3659
16	48	20129.4174
16	49	20227.2747
16	50	20326.9249
16	51	20428.3545
16	52	20531.5498
16	53	20636.4968
16	54	20743.1807
16	55	20851.5867
16	56	20961.6993
16	57	21073.5028
16	58	21186.9807
16	59	21302.1163
16	60	21418.8924
16	61	21537.2912
16	62	21657.2944
16	63	21778.8832
16	64	21902.0381
16	65	22026.7392
16	66	22152.9659
16	67	22280.697
16	68	22409.9105
16	69	22540.5839
16	70	22672.6938
16	71	22806.2162
16	72	22941.1261
16	73	23077.3979
16	74	23215.0048
16	75	23353.9193
16	76	23494.1128
16	77	23635.5557
16	78	23778.217
16	79	23922.065
16	80	24067.0661
16	81	24213.1858
16	82	24360.3878
16	83	24508.6344
16	84	24657.886
16	85	24808.1011
16	86	24959.2362
16	87	25111.2456
16	88	25264.0808
16	89	25417.691
16	90	25572.0219
16	91	25727.016
16	92	25882.612
16	93	26038.7442
16	94	26195.3419
16	95	26352.3288
16	96	26509.622
16	97	26667.1309
16	98	26824.7557
16	99	26982.3859
16	100	27139.8973
16	101	27297.1492
16	102	27453.9795
16	103	27610.1984
16	104	27765.5777
16	105	27919.8333
16	106	28072.5926
16	107	28223.3232
16	108	28371.1939
16	109	28514.9788
16	110	28653.708
17	0	18509.1771
17	1	18511.212
17	2	18515.2817
17	3	18521.3856
17	4	18529.523
17	5	18539.6929
17	6	18551.8943
17	7	18566.1257
17	8	18582.3854
17	9	18600.6716
17	10	18620.982
17	11	18643.3144
17	12	18667.6662
17	13	18694.0344
17	14	18722.416
17	15	18752.8076
17	16	18785.2057
17	17	18819.6064
17	18	18856.0057
17	19	18894.3992
17	20	18934.7823
17	21	18977.1502
17	22	19021.4978
17	23	19067.8197
17	24	19116.1104
17	25	19166.3639
17	26	19218.5741
17	27	19272.7345
17	28	19328.8386
17	29	19386.8793
17	30	19446.8494
17	31	19508.7414
17	32	19572.5474
17	33	19638.2593
17	34	19705.8688
17	35	19775.3671
17	36	19846.7452
17	37	19919.9939
17	38	19995.1035
17	39	20072.064
17	40	20150.8651
17	41	20231.4963
17	42	20313.9465
17	43	20398.2046
17	44	20484.2587
17	45	20572.097
17	46	20661.7069
17	47	20753.0758
17	48	20846.1904
17	49	20941.0372
17	50	21037.6022
17	51	21135.871
17	52	21235.8287
17	53	21337.4601
17	54	21440.7494
17	55	21545.6803
17	56	21652.2361
17	57	21760.3995
17	58	21870.1529
17	59	21981.4777
17	60	22094.3552
17	61	22208.7657
17	62	22324.6893
17	63	22442.105
17	64	22560.9915
17	65	22681.3265
17	66	22803.0871
17	67	22926.2496
17	68	23050.7896
17	69	23176.6815
17	70	23303.8991
17	71	23432.4151
17	72	23562.2011
17	73	23693.2278
17	74	23825.4646
17	75	23958.8795
17	76	24093.4395
17	77	24229.1099
17	78	24365.8545
17	79	24503.6355
17	80	24642.4132
17	81	24782.146
17	82	24922.7901
17	83	25064.2991
17	84	25206.6245
17	85	25349.7143
17	86	25493.5136
17	87	25637.9638
17	88	25783.0022
17	89	25928.5614
17	90	26074.5688
17	91	26220.9453
17	92	26367.605
17	93	26514.4533
17	94	26661.3852
17	95	26808.2838
17	96	26955.0163
17	97	27101.4308
17	98	27247.3498
17	99	27392.5611
17	100	27536.8032
17	101	27679.7365
17	102	27820.8847
17	103	27959.5139
17	104	28094.5137
17	105	28224.8442
17	106	28349.966
18	0	19256.9326
18	1	19258.9092
18	2	19262.862
18	3	19268.7906
18	4	19276.6943
18	5	19286.572
18	6	19298.4225
18	7	19312.2443
18	8	19328.0357
18	9	19345.7947
18	10	19365.5189
18	11	19387.2061
18	12	19410.8533
18	13	19436.4575
18	14	19464.0156
18	15	19493.5239
18	16	19524.9787
18	17	19558.3759
18	18	19593.7112
18	19	19630.9801
18	20	19670.1776
18	21	19711.2987
18	22	19754.338
18	23	19799.2897
18	24	19846.1481
18	25	19894.9067
18	26	19945.5591
18	27	19998.0985
18	28	20052.5178
18	29	20108.8095
18	30	20166.966
18	31	20226.9793
18	32	20288.841
18	33	20352.5425
18	34	20418.0749
18	35	20485.4288
18	36	20554.5947
18	37	20625.5625
18	38	20698.3219
18	39	20772.8624
18	40	20849.1728
18	41	20927.2418
18	42	21007.0575
18	43	21088.6079
18	44	21171.8803
18	45	21256.8618
18	46	21343.5389
18	47	21431.8979
18	48	21521.9245
18	49	21613.6039
18	50	21706.921
18	51	21801.8599
18	52	21898.4046
18	53	21996.5383
18	54	22096.2437
18	55	22197.503
18	56	22300.2977
18	57	22404.6089
18	58	22510.4168
18	59	22617.7011
18	60	22726.4409
18	61	22836.6142
18	62	22948.1986
18	63	23061.1708
18	64	23175.5066
18	65	23291.1809
18	66	23408.1676
18	67	23526.4399
18	68	23645.9695
18	69	23766.7273
18	70	23888.6828
18	71	24011.8043
18	72	24136.0587
18	73	24261.4113
18	74	24387.826
18	75	24515.2648
18	76	24643.6876
18	77	24773.0527
18	78	24903.3156
18	79	25034.4297
18	80	25166.3453
18	81	25299.0098
18	82	25432.367
18	83	25566.357
18	84	25700.9151
18	85	25835.9719
18	86	25971.4518
18	87	26107.2727
18	88	26243.3442
18	89	26379.5663
18	90	26515.8275
18	91	26652.0017
18	92	26787.9445
18	93	26923.4877
18	94	27058.431
18	95	27192.5281
18	96	27325.4611
18	97	27456.7866
18	98	27585.8268
18	99	27711.5545
18	100	27832.9686
18	101	27949.9037
19	0	19965.7163
19	1	19967.6319
19	2	19971.4629
19	3	19977.2087
19	4	19984.8685
19	5	19994.4413
19	6	20005.9258
19	7	20019.3203
19	8	20034.6231
19	9	20051.832
19	10	20070.9446
19	11	20091.9583
19	12	20114.8701
19	13	20139.6769
19	14	20166.3752
19	15	20194.9612
19	16	20225.4309
19	17	20257.78
19	18	20292.0039
19	19	20328.0978
19	20	20366.0564
19	21	20405.8743
19	22	20447.5458
19	23	20491.0648
19	24	20536.425
19	25	20583.6197
19	26	20632.642
19	27	20683.4845
19	28	20736.1397
19	29	20790.5996
19	30	20846.856
19	31	20904.9003
19	32	20964.7236
19	33	21026.3166
19	34	21089.6696
19	35	21154.7726
19	36	21221.6154
19	37	21290.1871
19	38	21360.4765
19	39	21432.4723
19	40	21506.1623
19	41	21581.5343
19	42	21658.5755
19	43	21737.2726
19	44	21817.612
19	45	21899.5794
19	46	21983.1603
19	47	22068.3395
19	48	22155.1013
19	49	22243.4296
19	50	22333.3076
19	51	22424.718
19	52	22517.6428
19	53	22612.0634
19	54	22707.9607
19	55	22805.3148
19	56	22904.105
19	57	23004.31
19	58	23105.9077
19	59	23208.875
19	60	23313.1881
19	61	23418.8223
19	62	23525.7518
19	63	23633.9498
19	64	23743.3883
19	65	23854.0384
19	66	23965.8697
19	67	24078.8506
19	68	24192.9478
19	69	24308.1266
19	70	24424.3507
19	71	24541.5818
19	72	24659.7796
19	73	24778.9017
19	74	24898.903
19	75	25019.7361
19	76	25141.3503
19	77	25263.6917
19	78	25386.7024
19	79	25510.3206
19	80	25634.4794
19	81	25759.1062
19	82	25884.1219
19	83	26009.4398
19	84	26134.9636
19	85	26260.5861
19	86	26386.1861
19	87	26511.6248
19	88	26636.7406
19	89	26761.3407
19	90	26885.1879
19	91	27007.9753
19	92	27129.2734
19	93	27248.4237
19	94	27364.447
19	95	27476.4682
19	96	27584.2007
20	0	20634.3791
20	1	20636.231
20	2	20639.9344
20	3	20645.4888
20	4	20652.8933
20	5	20662.1469
20	6	20673.2481
20	7	20686.1953
20	8	20700.9863
20	9	20717.6191
20	10	20736.0911
20	11	20756.3993
20	12	20778.5408
20	13	20802.512
20	14	20828.3092
20	15	20855.9285
20	16	20885.3655
20	17	20916.6157
20	18	20949.674
20	19	20984.5353
20	20	21021.194
20	21	21059.6444
20	22	21099.8801
20	23	21141.8947
20	24	21185.6814
20	25	21231.233
20	26	21278.5421
20	27	21327.6006
20	28	21378.4006
20	29	21430.9333
20	30	21485.1899
20	31	21541.1611
20	32	21598.8372
20	33	21658.2082
20	34	21719.2635
20	35	21781.9923
20	36	21846.3833
20	37	21912.4248
20	38	21980.1046
20	39	22049.4102
20	40	22120.3284
20	41	22192.8457
20	42	22266.948
20	43	22342.6207
20	44	22419.8488
20	45	22498.6166
20	46	22578.9078
20	47	22660.7057
20	48	22743.9927
20	49	22828.7509
20	50	22914.9614
20	51	23002.6048
20	52	23091.6609
20	53	23182.1088
20	54	23273.9265
20	55	23367.0915
20	56	23461.5803
20	57	23557.3683
20	58	23654.4299
20	59	23752.7387
20	60	23852.2667
20	61	23952.9851
20	62	24054.8634
20	63	24157.87
20	64	24261.9716
20	65	24367.1332
20	66	24473.3181
20	67	24580.4877
20	68	24688.6009
20	69	24797.6147
20	70	24907.4832
20	71	25018.1575
20	72	25129.5856
20	73	25241.7119
20	74	25354.4764
20	75	25467.8145
20	76	25581.656
20	77	25695.9243
20	78	25810.5352
20	79	25925.3956
20	80	26040.4011
20	81	26155.4338
20	82	26270.3583
20	83	26385.0166
20	84	26499.2193
20	85	26612.732
20	86	26725.2477
20	87	26836.3289
20	88	26945.3009
20	89	27051.2156
20	90	27153.4411
21	0	21261.666
21	1	21263.4508
21	2	21267.0201
21	3	21272.3733
21	4	21279.5095
21	5	21288.4274
21	6	21299.1256
21	7	21311.6022
21	8	21325.8552
21	9	21341.882
21	10	21359.6799
21	11	21379.246
21	12	21400.5767
21	13	21423.6685
21	14	21448.5173
21	15	21475.1187
21	16	21503.4683
21	17	21533.5608
21	18	21565.3911
21	19	21598.9535
21	20	21634.242
21	21	21671.2502
21	22	21709.9714
21	23	21750.3987
21	24	21792.5246
21	25	21836.3412
21	26	21881.8405
21	27	21929.0139
21	28	21977.8524
21	29	22028.3468
21	30	22080.4872
21	31	22134.2635
21	32	22189.6651
21	33	22246.6809
21	34	22305.2995
21	35	22365.5088
21	36	22427.2965
21	37	22490.6495
21	38	22555.5545
21	39	22621.9974
21	40	22689.9637
21	41	22759.4384
21	42	22830.4056
21	43	22902.8491
21	44	22976.752
21	45	23052.0966
21	46	23128.8647
21	47	23207.0371
21	48	23286.5942
21	49	23367.5152
21	50	23449.7787
21	51	23533.3624
21	52	23618.2429
21	53	23704.396
21	54	23791.7963
21	55	23880.4173
21	56	23970.2313
21	57	24061.2092
21	58	24153.3207
21	59	24246.5337
21	60	24340.8148
21	61	24436.1286
21	62	24532.4379
21	63	24629.7032
21	64	24727.8828
21	65	24826.9323
21	66	24926.8047
21	67	25027.4494
21	68	25128.8124
21	69	25230.8356
21	70	25333.4559
21	71	25436.605
21	72	25540.2081
21	73	25644.1829
21	74	25748.4378
21	75	25852.8702
21	76	25957.3637
21	77	26061.7839
21	78	26165.9729
21	79	26269.7398
21	80	26372.8446
21	81	26474.965
21	82	26575.6266
21	83	26674.1033
21	84	26769.5236
21	85	26861.7238
22	0	21846.1947
22	1	21847.9087
22	2	21851.3362
22	3	21856.4768
22	4	21863.3293
22	5	21871.8926
22	6	21882.1648
22	7	21894.1441
22	8	21907.8282
22	9	21923.2143
22	10	21940.2996
22	11	21959.0807
22	12	21979.5538
22	13	22001.7151
22	14	22025.5602
22	15	22051.0842
22	16	22078.2823
22	17	22107.1488
22	18	22137.6781
22	19	22169.8639
22	20	22203.6997
22	21	22239.1785
22	22	22276.293
22	23	22315.0354
22	24	22355.3977
22	25	22397.3712
22	26	22440.947
22	27	22486.1156
22	28	22532.8672
22	29	22581.1915
22	30	22631.0776
22	31	22682.5142
22	32	22735.4897
22	33	22789.9916
22	34	22846.0071
22	35	22903.523
22	36	22962.5251
22	37	23022.9991
22	38	23084.9297
22	39	23148.3011
22	40	23213.097
22	41	23279.3001
22	42	23346.8926
22	43	23415.8558
22	44	23486.1704
22	45	23557.816
22	46	23630.7714
22	47	23705.0146
22	48	23780.5224
22	49	23857.2708
22	50	23935.2343
22	51	24014.3866
22	52	24094.6998
22	53	24176.1447
22	54	24258.6907
22	55	24342.3055
22	56	24426.955
22	57	24512.6032
22	58	24599.212
22	59	24686.741
22	60	24775.1472
22	61	24864.3846
22	62	24954.4041
22	63	25045.153
22	64	25136.5743
22	65	25228.6062
22	66	25321.1815
22	67	25414.2263
22	68	25507.659
22	69	25601.3887
22	70	25695.3126
22	71	25789.3136
22	72	25883.255
22	73	25976.9747
22	74	26070.2729
22	75	26162.8909
22	76	26254.4647
22	77	26344.4402
22	78	26432.0396
22	79	26516.705
22	80	26598.1612
23	0	22386.4283
23	1	22388.0669
23	2	22391.3439
23	3	22396.2584
23	4	22402.8094
23	5	22410.9955
23	6	22420.8148
23	7	22432.2652
23	8	22445.3442
23	9	22460.0487
23	10	22476.3757
23	11	22494.3213
23	12	22513.8815
23	13	22535.0521
23	14	22557.828
23	15	22582.2041
23	16	22608.1749
23	17	22635.7343
23	18	22664.8758
23	19	22695.5928
23	20	22727.8777
23	21	22761.7231
23	22	22797.1207
23	23	22834.0619
23	24	22872.5376
23	25	22912.5383
23	26	22954.0539
23	27	22997.0739
23	28	23041.5872
23	29	23087.5822
23	30	23135.0467
23	31	23183.968
23	32	23234.3328
23	33	23286.127
23	34	23339.3362
23	35	23393.945
23	36	23449.9375
23	37	23507.297
23	38	23566.0061
23	39	23626.0464
23	40	23687.3989
23	41	23750.0436
23	42	23813.9596
23	43	23879.125
23	44	23945.5167
23	45	24013.1106
23	46	24081.8815
23	47	24151.8027
23	48	24222.8461
23	49	24294.9823
23	50	24368.1801
23	51	24442.4065
23	52	24517.6268
23	53	24593.8038
23	54	24670.8983
23	55	24748.8682
23	56	24827.6685
23	57	24907.2512
23	58	24987.5641
23	59	25068.5511
23	60	25150.1508
23	61	25232.2963
23	62	25314.9137
23	63	25397.9208
23	64	25481.2253
23	65	25564.7222
23	66	25648.2901
23	67	25731.7859
23	68	25815.0353
23	69	25897.8164
23	70	25979.8245
23	71	26060.604
23	72	26139.4914
23	73	26215.874
23	74	26289.9269
24	0	22880.6389
24	1	22882.197
24	2	22885.3126
24	3	22889.985
24	4	22896.2131
24	5	22903.9952
24	6	22913.3293
24	7	22924.2129
24	8	22936.6433
24	9	22950.6172
24	10	22966.131
24	11	22983.1805
24	12	23001.7613
24	13	23021.8685
24	14	23043.4965
24	15	23066.6397
24	16	23091.2917
24	17	23117.4457
24	18	23145.0947
24	19	23174.2307
24	20	23204.8458
24	21	23236.9311
24	22	23270.4775
24	23	23305.4751
24	24	23341.9137
24	25	23379.7825
24	26	23419.0699
24	27	23459.7639
24	28	23501.8518
24	29	23545.3202
24	30	23590.1552
24	31	23636.3421
24	32	23683.8652
24	33	23732.7085
24	34	23782.8549
24	35	23834.2864
24	36	23886.9842
24	37	23940.9287
24	38	23996.0989
24	39	24052.4731
24	40	24110.0283
24	41	24168.7402
24	42	24228.5834
24	43	24289.5309
24	44	24351.5542
24	45	24414.6231
24	46	24478.7058
24	47	24543.7682
24	48	24609.7741
24	49	24676.6851
24	50	24744.4598
24	51	24813.0538
24	52	24882.4193
24	53	24952.5045
24	54	25023.2532
24	55	25094.6036
24	56	25166.4879
24	57	25238.8305
24	58	25311.5468
24	59	25384.5406
24	60	25457.7007
24	61	25530.8963
24	62	25603.9685
24	63	25676.7152
24	64	25748.8595
24	65	25819.989
24	66	25889.5122
24	67	25956.9065
24	68	26022.3768
25	0	23326.8583
25	1	23328.3291
25	2	23331.2704
25	3	23335.6812
25	4	23341.5601
25	5	23348.9053
25	6	23357.7145
25	7	23367.9851
25	8	23379.7138
25	9	23392.8968
25	10	23407.5302
25	11	23423.6091
25	12	23441.1285
25	13	23460.0828
25	14	23480.4658
25	15	23502.2709
25	16	23525.4909
25	17	23550.1179
25	18	23576.1439
25	19	23603.5598
25	20	23632.3562
25	21	23662.5232
25	22	23694.05
25	23	23726.9253
25	24	23761.137
25	25	23796.6726
25	26	23833.5186
25	27	23871.6607
25	28	23911.0841
25	29	23951.7729
25	30	23993.7105
25	31	24036.8791
25	32	24081.2603
25	33	24126.8344
25	34	24173.5808
25	35	24221.4774
25	36	24270.5011
25	37	24320.6274
25	38	24371.8304
25	39	24424.0824
25	40	24477.3541
25	41	24531.6143
25	42	24586.8298
25	43	24642.9649
25	44	24699.9814
25	45	24757.8382
25	46	24816.491
25	47	24875.8917
25	48	24935.9878
25	49	24996.7218
25	50	25058.0303
25	51	25119.8426
25	52	25182.0792
25	53	25244.6495
25	54	25307.4485
25	55	25370.3517
25	56	25433.2067
25	57	25495.8161
25	58	25557.9026
25	59	25619.0514
25	60	25678.724
25	61	25736.6279
26	0	23722.8068
26	1	23724.1823
26	2	23726.9328
26	3	23731.0572
26	4	23736.554
26	5	23743.421
26	6	23751.6557
26	7	23761.2548
26	8	23772.2146
26	9	23784.5308
26	10	23798.1986
26	11	23813.2127
26	12	23829.5669
26	13	23847.2547
26	14	23866.269
26	15	23886.6019
26	16	23908.245
26	17	23931.1891
26	18	23955.4244
26	19	23980.9406
26	20	24007.7262
26	21	24035.7694
26	22	24065.0573
26	23	24095.5764
26	24	24127.3121
26	25	24160.249
26	26	24194.3709
26	27	24229.6602
26	28	24266.0986
26	29	24303.6663
26	30	24342.3426
26	31	24382.1053
26	32	24422.9306
26	33	24464.7936
26	34	24507.6672
26	35	24551.5229
26	36	24596.3297
26	37	24642.0548
26	38	24688.6626
26	39	24736.1148
26	40	24784.3697
26	41	24833.3822
26	42	24883.1026
26	43	24933.4764
26	44	24984.443
26	45	25035.9347
26	46	25087.8745
26	47	25140.1742
26	48	25192.73
26	49	25245.4168
26	50	25298.0762
26	51	25350.493
26	52	25402.3497
26	53	25453.206
26	54	25502.7017
26	55	25551.0407
27	0	24065.7893
27	1	24067.0588
27	2	24069.5971
27	3	24073.4031
27	4	24078.4748
27	5	24084.8097
27	6	24092.4047
27	7	24101.2559
27	8	24111.3588
27	9	24122.7084
27	10	24135.2989
27	11	24149.1235
27	12	24164.1753
27	13	24180.4461
27	14	24197.9272
27	15	24216.6091
27	16	24236.4814
27	17	24257.533
27	18	24279.7517
27	19	24303.1245
27	20	24327.6374
27	21	24353.2754
27	22	24380.0224
27	23	24407.861
27	24	24436.7727
27	25	24466.7377
27	26	24497.7346
27	27	24529.7405
27	28	24562.731
27	29	24596.6795
27	30	24631.5576
27	31	24667.3346
27	32	24703.977
27	33	24741.4486
27	34	24779.71
27	35	24818.7178
27	36	24858.4242
27	37	24898.776
27	38	24939.7136
27	39	24981.1696
27	40	25023.0659
27	41	25065.3113
27	42	25107.7952
27	43	25150.377
27	44	25192.8632
27	45	25234.9696
27	46	25276.3245
27	47	25316.693
27	48	25356.3399
28	0	24352.5305
28	1	24353.6793
28	2	24355.9762
28	3	24359.4196
28	4	24364.007
28	5	24369.7354
28	6	24376.6008
28	7	24384.5984
28	8	24393.7225
28	9	24403.9666
28	10	24415.3235
28	11	24427.7846
28	12	24441.3408
28	13	24455.9818
28	14	24471.6964
28	15	24488.4721
28	16	24506.2953
28	17	24525.1514
28	18	24545.0242
28	19	24565.8963
28	20	24587.7488
28	21	24610.561
28	22	24634.3105
28	23	24658.973
28	24	24684.522
28	25	24710.9285
28	26	24738.1608
28	27	24766.184
28	28	24794.9597
28	29	24824.4449
28	30	24854.5917
28	31	24885.3459
28	32	24916.6453
28	33	24948.4174
28	34	24980.5754
28	35	25013.0108
28	36	25045.5781
28	37	25078.0655
28	38	25110.1858
28	39	25141.713
28	40	25172.7926
29	0	24578.8919
29	1	24579.8982
29	2	24581.9098
29	3	24584.9246
29	4	24588.9392
29	5	24593.9495
29	6	24599.95
29	7	24606.9341
29	8	24614.8941
29	9	24623.8209
29	10	24633.7042
29	11	24644.5324
29	12	24656.2922
29	13	24668.9689
29	14	24682.5463
29	15	24697.0058
29	16	24712.3274
29	17	24728.4885
29	18	24745.4641
29	19	24763.2263
29	20	24781.7439
29	21	24800.9818
29	22	24820.9003
29	23	24841.4539
29	24	24862.59
29	25	24884.2462
29	26	24906.346
29	27	24928.7907
29	28	24951.4391
29	29	24974.0896
29	30	24996.5424
29	31	25018.81
29	32	25041.101
30	0	24739.3151
30	1	24740.1411
30	2	24741.7915
30	3	24744.2627
30	4	24747.5496
30	5	24751.6453
30	6	24756.5408
30	7	24762.2251
30	8	24768.685
30	9	24775.9051
30	10	24783.867
30	11	24792.5494
30	12	24801.9274
30	13	24811.9719
30	14	24822.6483
30	15	24833.9156
30	16	24845.7228
30	17	24858.0046
30	18	24870.6658
30	19	24883.5647
30	20	24896.576
30	21	24909.7507
30	22	24923.301
31	0	24825.4053
31	1	24825.9526
31	2	24827.0416
31	3	24828.6606
31	4	24830.7903
31	5	24833.4006
31	6	24836.441
31	7	24839.8903
31	8	24843.5355
31	9	24847.8835