0	0	630.1648
0	1	632.9353
0	2	638.4762
0	3	646.787
0	4	657.8674
0	5	671.7167
0	6	688.3341
0	7	707.7185
0	8	729.8688
0	9	754.7838
0	10	782.462
0	11	812.9017
0	12	846.1012
0	13	882.0584
0	14	920.7714
0	15	962.2377
0	16	1006.4549
0	17	1053.4205
0	18	1103.1316
0	19	1155.5853
0	20	1210.7785
0	21	1268.708
0	22	1329.3703
0	23	1392.7618
0	24	1458.8788
0	25	1527.7173
0	26	1599.2732
0	27	1673.5424
0	28	1750.5203
0	29	1830.2024
0	30	1912.584
0	31	1997.6601
0	32	2085.4256
0	33	2175.8754
0	34	2269.004
0	35	2364.8058
0	36	2463.2751
0	37	2564.406
0	38	2668.1924
0	39	2774.628
0	40	2883.7065
0	41	2995.4213
0	42	3109.7656
0	43	3226.7325
0	44	3346.315
0	45	3468.5057
0	46	3593.2973
0	47	3720.6822
0	48	3850.6527
0	49	3983.2007
0	50	4118.3182
0	51	4255.9969
0	52	4396.2284
0	53	4539.0041
0	54	4684.3151
0	55	4832.1526
0	56	4982.5073
0	57	5135.37
0	58	5290.7312
0	59	5448.5813
0	60	5608.9103
0	61	5771.7083
0	62	5936.9651
0	63	6104.6704
0	64	6274.8135
0	65	6447.3837
0	66	6622.3702
0	67	6799.7618
0	68	6979.5473
0	69	7161.7152
0	70	7346.2539
0	71	7533.1514
0	72	7722.3959
0	73	7913.9751
0	74	8107.8766
0	75	8304.0878
0	76	8502.5959
0	77	8703.388
0	78	8906.4508
0	79	9111.771
0	80	9319.335
0	81	9529.129
0	82	9741.1391
0	83	9955.351
0	84	10171.7503
0	85	10390.3225
0	86	10611.0527
0	87	10833.9258
0	88	11058.9266
0	89	11286.0397
0	90	11515.2492
0	91	11746.5393
0	92	11979.8937
0	93	12215.2961
0	94	12452.7297
0	95	12692.1778
0	96	12933.6231
0	97	13177.0483
0	98	13422.4356
0	99	13669.7671
0	100	13919.0247
0	101	14170.1899
0	102	14423.2439
0	103	14678.1676
0	104	14934.9417
0	105	15193.5466
0	106	15453.9622
0	107	15716.1684
0	108	15980.1444
0	109	16245.8694
0	110	16513.322
0	111	16782.4806
0	112	17053.323
0	113	17325.827
0	114	17599.9696
0	115	17875.7277
0	116	18153.0775
0	117	18431.9949
0	118	18712.4554
0	119	18994.4339
0	120	19277.9048
0	121	19562.842
0	122	19849.2189
0	123	20137.0083
0	124	20426.1823
0	125	20716.7124
0	126	21008.5695
0	127	21301.7239
0	128	21596.1448
0	129	21891.8009
0	130	22188.66
0	131	22486.689
0	132	22785.8538
0	133	23086.1194
0	134	23387.4496
0	135	23689.807
0	136	23993.1532
0	137	24297.4482
0	138	24602.6507
0	139	24908.7176
0	140	25215.6043
0	141	25523.2643
0	142	25831.6488
0	143	26140.707
0	144	26450.3853
0	145	26760.6275
0	146	27071.3742
0	147	27382.5623
0	148	27694.1247
0	149	28005.9896
0	150	28318.0801
0	151	28630.3127
0	152	28942.5966
0	153	29254.8321
0	154	29566.9086
0	155	29878.7018
0	156	30190.0699
0	157	30500.8475
0	158	30810.8357
0	159	31119.7847
0	160	31427.3634
0	161	31733.1138
0	162	32036.4153
0	163	32336.5812
0	164	32633.2628
0	165	32926.7545
1	0	1869.812
1	1	1872.5421
1	2	1878.0021
1	3	1886.1917
1	4	1897.1105
1	5	1910.7576
1	6	1927.1325
1	7	1946.2339
1	8	1968.0608
1	9	1992.612
1	10	2019.8857
1	11	2049.8806
1	12	2082.5947
1	13	2118.026
1	14	2156.1724
1	15	2197.0316
1	16	2240.6012
1	17	2286.8784
1	18	2335.8606
1	19	2387.5446
1	20	2441.9275
1	21	2499.0058
1	22	2558.7761
1	23	2621.2348
1	24	2686.378
1	25	2754.2019
1	26	2824.7022
1	27	2897.8746
1	28	2973.7148
1	29	3052.218
1	30	3133.3794
1	31	3217.194
1	32	3303.6568
1	33	3392.7623
1	34	3484.5052
1	35	3578.8797
1	36	3675.88
1	37	3775.5001
1	38	3877.7338
1	39	3982.5749
1	40	4090.0168
1	41	4200.0527
1	42	4312.6759
1	43	4427.8793
1	44	4545.6557
1	45	4665.9977
1	46	4788.8978
1	47	4914.3482
1	48	5042.341
1	49	5172.8681
1	50	5305.9213
1	51	5441.4921
1	52	5579.5718
1	53	5720.1518
1	54	5863.2229
1	55	6008.7761
1	56	6156.8019
1	57	6307.2909
1	58	6460.2333
1	59	6615.6192
1	60	6773.4385
1	61	6933.681
1	62	7096.3361
1	63	7261.3932
1	64	7428.8415
1	65	7598.6699
1	66	7770.8671
1	67	7945.4218
1	68	8122.3223
1	69	8301.5567
1	70	8483.1131
1	71	8666.9792
1	72	8853.1425
1	73	9041.5904
1	74	9232.3101
1	75	9425.2885
1	76	9620.5123
1	77	9817.968
1	78	10017.6419
1	79	10219.5201
1	80	10423.5884
1	81	10629.8324
1	82	10838.2376
1	83	11048.789
1	84	11261.4717
1	85	11476.2703
1	86	11693.1692
1	87	11912.1526
1	88	12133.2046
1	89	12356.3087
1	90	12581.4483
1	91	12808.6068
1	92	13037.7669
1	93	13268.9112
1	94	13502.0222
1	95	13737.0818
1	96	13974.0718
1	97	14212.9737
1	98	14453.7686
1	99	14696.4373
1	100	14940.9604
1	101	15187.3179
1	102	15435.4898
1	103	15685.4554
1	104	15937.194
1	105	16190.6842
1	106	16445.9043
1	107	16702.8324
1	108	16961.446
1	109	17221.722
1	110	17483.6373
1	111	17747.168
1	112	18012.2898
1	113	18278.9778
1	114	18547.2068
1	115	18816.951
1	116	19088.1837
1	117	19360.8781
1	118	19635.0065
1	119	19910.5404
1	120	20187.4509
1	121	20465.7082
1	122	20745.2818
1	123	21026.1402
1	124	21308.2512
1	125	21591.5816
1	126	21876.0973
1	127	22161.7629
1	128	22448.5422
1	129	22736.3974
1	130	23025.2897
1	131	23315.1787
1	132	23606.0224
1	133	23897.7774
1	134	24190.3981
1	135	24483.837
1	136	24778.0445
1	137	25072.9685
1	138	25368.5539
1	139	25664.743
1	140	25961.4742
1	141	26258.6822
1	142	26556.2972
1	143	26854.2442
1	144	27152.4424
1	145	27450.8037
1	146	27749.2317
1	147	28047.62
1	148	28345.8495
1	149	28643.7854
1	150	28941.2727
1	151	29238.1285
1	152	29534.1307
1	153	29828.9969
1	154	30122.3461
1	155	30413.6358
1	156	30702.1018
1	157	30986.8621
1	158	31267.4675
1	159	31543.9374
2	0	3080.8666
2	1	3083.5547
2	2	3088.9307
2	3	3096.9943
2	4	3107.745
2	5	3121.1821
2	6	3137.3048
2	7	3156.1121
2	8	3177.6028
2	9	3201.7756
2	10	3228.629
2	11	3258.1613
2	12	3290.3707
2	13	3325.2552
2	14	3362.8125
2	15	3403.0405
2	16	3445.9365
2	17	3491.498
2	18	3539.7219
2	19	3590.6055
2	20	3644.1453
2	21	3700.3382
2	22	3759.1806
2	23	3820.6688
2	24	3884.7989
2	25	3951.567
2	26	4020.9687
2	27	4092.9998
2	28	4167.6557
2	29	4244.9317
2	30	4324.8229
2	31	4407.3242
2	32	4492.4304
2	33	4580.1361
2	34	4670.4358
2	35	4763.3235
2	36	4858.7935
2	37	4956.8397
2	38	5057.4556
2	39	5160.6349
2	40	5266.3709
2	41	5374.6569
2	42	5485.4857
2	43	5598.8503
2	44	5714.7432
2	45	5833.1569
2	46	5954.0838
2	47	6077.5158
2	48	6203.4449
2	49	6331.8629
2	50	6462.7612
2	51	6596.1312
2	52	6731.964
2	53	6870.2507
2	54	7010.9819
2	55	7154.1484
2	56	7299.7405
2	57	7447.7483
2	58	7598.1619
2	59	7750.9711
2	60	7906.1655
2	61	8063.7345
2	62	8223.6672
2	63	8385.9528
2	64	8550.58
2	65	8717.5373
2	66	8886.8132
2	67	9058.3957
2	68	9232.273
2	69	9408.4326
2	70	9586.8621
2	71	9767.5488
2	72	9950.4797
2	73	10135.6418
2	74	10323.0215
2	75	10512.6054
2	76	10704.3795
2	77	10898.3297
2	78	11094.4417
2	79	11292.701
2	80	11493.0926
2	81	11695.6015
2	82	11900.2124
2	83	12106.9096
2	84	12315.6772
2	85	12526.4992
2	86	12739.3591
2	87	12954.2401
2	88	13171.1253
2	89	13389.9974
2	90	13610.8388
2	91	13833.6315
2	92	14058.3574
2	93	14284.9979
2	94	14513.534
2	95	14743.9467
2	96	14976.2162
2	97	15210.3227
2	98	15446.2458
2	99	15683.9649
2	100	15923.4588
2	101	16164.706
2	102	16407.6846
2	103	16652.3722
2	104	16898.7461
2	105	17146.7828
2	106	17396.4586
2	107	17647.7491
2	108	17900.6297
2	109	18155.0747
2	110	18411.0583
2	111	18668.5538
2	112	18927.534
2	113	19187.971
2	114	19449.8362
2	115	19713.1002
2	116	19977.7327
2	117	20243.7029
2	118	20510.9788
2	119	20779.5275
2	120	21049.3153
2	121	21320.3071
2	122	21592.4668
2	123	21865.7572
2	124	22140.1396
2	125	22415.5738
2	126	22692.0181
2	127	22969.4292
2	128	23247.7617
2	129	23526.9683
2	130	23806.9996
2	131	24087.8033
2	132	24369.3247
2	133	24651.5058
2	134	24934.2851
2	135	25217.5974
2	136	25501.3726
2	137	25785.5358
2	138	26070.0057
2	139	26354.6942
2	140	26639.5048
2	141	26924.3307
2	142	27209.0529
2	143	27493.5368
2	144	27777.6279
2	145	28061.1454
2	146	28343.8716
2	147	28625.5339
2	148	28905.7719
2	149	29184.0766
2	150	29459.7063
2	151	29731.6783
3	0	4261.9375
3	1	4264.582
3	2	4269.8707
3	3	4277.8034
3	4	4288.3796
3	5	4301.5985
3	6	4317.4593
3	7	4335.961
3	8	4357.1024
3	9	4380.8822
3	10	4407.2989
3	11	4436.3506
3	12	4468.0357
3	13	4502.352
3	14	4539.2973
3	15	4578.8693
3	16	4621.0655
3	17	4665.883
3	18	4713.319
3	19	4763.3705
3	20	4816.0342
3	21	4871.3066
3	22	4929.1843
3	23	4989.6635
3	24	5052.7402
3	25	5118.4103
3	26	5186.6696
3	27	5257.5136
3	28	5330.9377
3	29	5406.937
3	30	5485.5066
3	31	5566.6414
3	32	5650.3359
3	33	5736.5847
3	34	5825.382
3	35	5916.7221
3	36	6010.5987
3	37	6107.0058
3	38	6205.9368
3	39	6307.3852
3	40	6411.3441
3	41	6517.8066
3	42	6626.7655
3	43	6738.2134
3	44	6852.1429
3	45	6968.5461
3	46	7087.4152
3	47	7208.7421
3	48	7332.5183
3	49	7458.7355
3	50	7587.3849
3	51	7718.4576
3	52	7851.9446
3	53	7987.8364
3	54	8126.1237
3	55	8266.7968
3	56	8409.8456
3	57	8555.2601
3	58	8703.03
3	59	8853.1447
3	60	9005.5935
3	61	9160.3653
3	62	9317.4491
3	63	9476.8334
3	64	9638.5066
3	65	9802.4568
3	66	9968.672
3	67	10137.1398
3	68	10307.8477
3	69	10480.7828
3	70	10655.9323
3	71	10833.2828
3	72	11012.8207
3	73	11194.5324
3	74	11378.4038
3	75	11564.4206
3	76	11752.5683
3	77	11942.832
3	78	12135.1968
3	79	12329.6471
3	80	12526.1675
3	81	12724.7418
3	82	12925.354
3	83	13127.9875
3	84	13332.6254
3	85	13539.2506
3	86	13747.8455
3	87	13958.3925
3	88	14170.8734
3	89	14385.2695
3	90	14601.5622
3	91	14819.7322
3	92	15039.7598
3	93	15261.6251
3	94	15485.3077
3	95	15710.7868
3	96	15938.0411
3	97	16167.0489
3	98	16397.7882
3	99	16630.2363
3	100	16864.37
3	101	17100.1658
3	102	17337.5994
3	103	17576.6461
3	104	17817.2806
3	105	18059.477
3	106	18303.2086
3	107	18548.4482
3	108	18795.1678
3	109	19043.3388
3	110	19292.9315
3	111	19543.9157
3	112	19796.26
3	113	20049.9324
3	114	20304.8996
3	115	20561.1273
3	116	20818.5802
3	117	21077.2216
3	118	21337.0136
3	119	21597.9167
3	120	21859.89
3	121	22122.8908
3	122	22386.8748
3	123	22651.7954
3	124	22917.6039
3	125	23184.2492
3	126	23451.6775
3	127	23719.832
3	128	23988.6524
3	129	24258.0746
3	130	24528.0302
3	131	24798.4459
3	132	25069.2425
3	133	25340.3342
3	134	25611.6272
3	135	25883.0182
3	136	26154.3925
3	137	26425.6211
3	138	26696.557
3	139	26967.0299
3	140	27236.838
3	141	27505.7341
3	142	27773.4021
3	143	28039.4106
3	144	28303.1336
3	145	28563.6617
3	146	28819.917
3	147	29071.4073
4	0	5411.6129
4	1	5414.212
4	2	5419.4102
4	3	5427.2069
4	4	5437.6018
4	5	5450.5941
4	6	5466.1829
4	7	5484.3673
4	8	5505.146
4	9	5528.5177
4	10	5554.4807
4	11	5583.0334
4	12	5614.1739
4	13	5647.9
4	14	5684.2096
4	15	5723.1001
4	16	5764.5691
4	17	5808.6137
4	18	5855.231
4	19	5904.4179
4	20	5956.171
4	21	6010.4869
4	22	6067.3619
4	23	6126.7922
4	24	6188.7737
4	25	6253.3024
4	26	6320.3737
4	27	6389.9832
4	28	6462.1262
4	29	6536.7976
4	30	6613.9924
4	31	6693.7053
4	32	6775.9309
4	33	6860.6635
4	34	6947.8972
4	35	7037.6261
4	36	7129.8438
4	37	7224.5441
4	38	7321.7203
4	39	7421.3656
4	40	7523.4731
4	41	7628.0356
4	42	7735.0456
4	43	7844.4957
4	44	7956.3781
4	45	8070.6849
4	46	8187.4077
4	47	8306.5384
4	48	8428.0683
4	49	8551.9887
4	50	8678.2905
4	51	8806.9646
4	52	8938.0015
4	53	9071.3917
4	54	9207.1254
4	55	9345.1924
4	56	9485.5824
4	57	9628.2851
4	58	9773.2897
4	59	9920.5852
4	60	10070.1605
4	61	10222.0041
4	62	10376.1044
4	63	10532.4495
4	64	10691.0273
4	65	10851.8254
4	66	11014.8311
4	67	11180.0317
4	68	11347.4139
4	69	11516.9643
4	70	11688.6694
4	71	11862.5151
4	72	12038.4872
4	73	12216.5713
4	74	12396.7525
4	75	12579.0158
4	76	12763.3458
4	77	12949.7269
4	78	13138.143
4	79	13328.5778
4	80	13521.0148
4	81	13715.4369
4	82	13911.8268
4	83	14110.1669
4	84	14310.4392
4	85	14512.6252
4	86	14716.7062
4	87	14922.6631
4	88	15130.4762
4	89	15340.1256
4	90	15551.5909
4	91	15764.8513
4	92	15979.8852
4	93	16196.6711
4	94	16415.1866
4	95	16635.4088
4	96	16857.3145
4	97	17080.8796
4	98	17306.0798
4	99	17532.8899
4	100	17761.2841
4	101	17991.236
4	102	18222.7186
4	103	18455.7039
4	104	18690.1633
4	105	18926.0673
4	106	19163.3855
4	107	19402.0868
4	108	19642.1388
4	109	19883.5082
4	110	20126.1606
4	111	20370.0603
4	112	20615.1705
4	113	20861.4527
4	114	21108.8671
4	115	21357.3723
4	116	21606.9251
4	117	21857.4803
4	118	22108.9906
4	119	22361.4063
4	120	22614.6753
4	121	22868.7425
4	122	23123.5495
4	123	23379.0345
4	124	23635.1314
4	125	23891.7697
4	126	24148.8733
4	127	24406.3601
4	128	24664.1404
4	129	24922.1164
4	130	25180.1795
4	131	25438.2087
4	132	25696.0672
4	133	25953.5982
4	134	26210.6186
4	135	26466.9092
4	136	26722.1982
4	137	26976.131
4	138	27228.2125
4	139	27477.7116
4	140	27723.5934
4	141	27964.7996
4	142	28201.2602
5	0	6528.4559
5	1	6531.008
5	2	6536.112
5	3	6543.7676
5	4	6553.9742
5	5	6566.7311
5	6	6582.0376
5	7	6599.8924
5	8	6620.2943
5	9	6643.242
5	10	6668.7339
5	11	6696.7681
5	12	6727.3428
5	13	6760.4557
5	14	6796.1047
5	15	6834.2873
5	16	6875.0007
5	17	6918.2421
5	18	6964.0085
5	19	7012.2967
5	20	7063.1033
5	21	7116.4248
5	22	7172.2574
5	23	7230.5971
5	24	7291.4399
5	25	7354.7814
5	26	7420.6172
5	27	7488.9426
5	28	7559.7526
5	29	7633.0424
5	30	7708.8065
5	31	7787.0397
5	32	7867.7362
5	33	7950.8902
5	34	8036.4959
5	35	8124.5468
5	36	8215.0367
5	37	8307.9589
5	38	8403.3067
5	39	8501.073
5	40	8601.2506
5	41	8703.8322
5	42	8808.8101
5	43	8916.1766
5	44	9025.9235
5	45	9138.0427
5	46	9252.5256
5	47	9369.3637
5	48	9488.5481
5	49	9610.0696
5	50	9733.919
5	51	9860.0866
5	52	9988.5628
5	53	10119.3375
5	54	10252.4005
5	55	10387.7413
5	56	10525.3493
5	57	10665.2134
5	58	10807.3225
5	59	10951.6651
5	60	11098.2296
5	61	11247.004
5	62	11397.9762
5	63	11551.1336
5	64	11706.4635
5	65	11863.9529
5	66	12023.5885
5	67	12185.3568
5	68	12349.2439
5	69	12515.2357
5	70	12683.3177
5	71	12853.4751
5	72	13025.693
5	73	13199.9559
5	74	13376.2481
5	75	13554.5536
5	76	13734.8559
5	77	13917.1384
5	78	14101.384
5	79	14287.5752
5	80	14475.6941
5	81	14665.7225
5	82	14857.6418
5	83	15051.4329
5	84	15247.0764
5	85	15444.5522
5	86	15643.84
5	87	15844.919
5	88	16047.7677
5	89	16252.3643
5	90	16458.6865
5	91	16666.7111
5	92	16876.4148
5	93	17087.7734
5	94	17300.762
5	95	17515.3553
5	96	17731.5272
5	97	17949.2508
5	98	18168.4984
5	99	18389.2417
5	100	18611.4514
5	101	18835.0972
5	102	19060.1481
5	103	19286.5718
5	104	19514.3352
5	105	19743.4037
5	106	19973.7418
5	107	20205.3124
5	108	20438.077
5	109	20671.9957
5	110	20907.0267
5	111	21143.1265
5	112	21380.2494
5	113	21618.3478
5	114	21857.3713
5	115	22097.2671
5	116	22337.9791
5	117	22579.4482
5	118	22821.6112
5	119	23064.4007
5	120	23307.7444
5	121	23551.5644
5	122	23795.7762
5	123	24040.2875
5	124	24284.997
5	125	24529.7921
5	126	24774.5468
5	127	25019.1181
5	128	25263.3412
5	129	25507.0223
5	130	25749.9276
5	131	25991.7636
5	132	26232.1406
5	133	26470.5035
5	134	26706.0257
5	135	26937.5903
5	136	27164.2843
6	0	7610.9991
6	1	7613.5023
6	2	7618.5085
6	3	7626.0174
6	4	7636.0284
6	5	7648.5408
6	6	7663.5537
6	7	7681.066
6	8	7701.0764
6	9	7723.5835
6	10	7748.5856
6	11	7776.0809
6	12	7806.0675
6	13	7838.5431
6	14	7873.5054
6	15	7910.9517
6	16	7950.8795
6	17	7993.2857
6	18	8038.1673
6	19	8085.5209
6	20	8135.343
6	21	8187.6301
6	22	8242.3782
6	23	8299.5832
6	24	8359.241
6	25	8421.3471
6	26	8485.8968
6	27	8552.8854
6	28	8622.3078
6	29	8694.1588
6	30	8768.433
6	31	8845.1248
6	32	8924.2284
6	33	9005.7378
6	34	9089.6467
6	35	9175.9487
6	36	9264.6373
6	37	9355.7055
6	38	9449.1464
6	39	9544.9526
6	40	9643.1168
6	41	9743.6312
6	42	9846.4879
6	43	9951.6789
6	44	10059.1957
6	45	10169.0298
6	46	10281.1724
6	47	10395.6146
6	48	10512.3469
6	49	10631.36
6	50	10752.6441
6	51	10876.1893
6	52	11001.9854
6	53	11130.0218
6	54	11260.2878
6	55	11392.7726
6	56	11527.4649
6	57	11664.3531
6	58	11803.4256
6	59	11944.6703
6	60	12088.0749
6	61	12233.6268
6	62	12381.3131
6	63	12531.1207
6	64	12683.0362
6	65	12837.0456
6	66	12993.135
6	67	13151.29
6	68	13311.4958
6	69	13473.7373
6	70	13637.9993
6	71	13804.2658
6	72	13972.5209
6	73	14142.7481
6	74	14314.9304
6	75	14489.0507
6	76	14665.0913
6	77	14843.0342
6	78	15022.8609
6	79	15204.5524
6	80	15388.0894
6	81	15573.4521
6	82	15760.6201
6	83	15949.5726
6	84	16140.2883
6	85	16332.7451
6	86	16526.9208
6	87	16722.7921
6	88	16920.3354
6	89	17119.5265
6	90	17320.3402
6	91	17522.7509
6	92	17726.732
6	93	17932.2565
6	94	18139.2961
6	95	18347.8219
6	96	18557.804
6	97	18769.2115
6	98	18982.0126
6	99	19196.1742
6	100	19411.6619
6	101	19628.4404
6	102	19846.4727
6	103	20065.7203
6	104	20286.1433
6	105	20507.7
6	106	20730.3466
6	107	20954.0374
6	108	21178.7243
6	109	21404.3569
6	110	21630.8817
6	111	21858.2424
6	112	22086.3788
6	113	22315.2271
6	114	22544.7189
6	115	22774.7807
6	116	23005.3332
6	117	23236.29
6	118	23467.5567
6	119	23699.0293
6	120	23930.592
6	121	24162.1148
6	122	24393.4492
6	123	24624.4237
6	124	24854.835
6	125	25084.436
6	126	25312.9124
6	127	25539.8399
6	128	25764.6025
6	129	25986.2851
6	130	26203.7371
6	131	26416.3084
7	0	8657.7374
7	1	8660.1898
7	2	8665.0943
7	3	8672.4506
7	4	8682.2581
7	5	8694.5161
7	6	8709.2237
7	7	8726.3796
7	8	8745.9827
7	9	8768.0314
7	10	8792.524
7	11	8819.4586
7	12	8848.8332
7	13	8880.6455
7	14	8914.8932
7	15	8951.5734
7	16	8990.6834
7	17	9032.2202
7	18	9076.1806
7	19	9122.5612
7	20	9171.3582
7	21	9222.5681
7	22	9276.1866
7	23	9332.2098
7	24	9390.6331
7	25	9451.4519
7	26	9514.6615
7	27	9580.2569
7	28	9648.2329
7	29	9718.584
7	30	9791.3046
7	31	9866.389
7	32	9943.831
7	33	10023.6245
7	34	10105.7629
7	35	10190.2396
7	36	10277.0477
7	37	10366.1801
7	38	10457.6295
7	39	10551.3882
7	40	10647.4486
7	41	10745.8025
7	42	10846.4417
7	43	10949.3578
7	44	11054.542
7	45	11161.9854
7	46	11271.6787
7	47	11383.6126
7	48	11497.7772
7	49	11614.1627
7	50	11732.7587
7	51	11853.555
7	52	11976.5406
7	53	12101.7046
7	54	12229.0356
7	55	12358.5222
7	56	12490.1524
7	57	12623.9142
7	58	12759.795
7	59	12897.7821
7	60	13037.8624
7	61	13180.0226
7	62	13324.249
7	63	13470.5275
7	64	13618.8438
7	65	13769.1832
7	66	13921.5306
7	67	14075.8706
7	68	14232.1873
7	69	14390.4646
7	70	14550.686
7	71	14712.8343
7	72	14876.8923
7	73	15042.842
7	74	15210.6652
7	75	15380.3431
7	76	15551.8565
7	77	15725.1857
7	78	15900.3104
7	79	16077.2098
7	80	16255.8627
7	81	16436.247
7	82	16618.3404
7	83	16802.1196
7	84	16987.5608
7	85	17174.6397
7	86	17363.3308
7	87	17553.6083
7	88	17745.4453
7	89	17938.8142
7	90	18133.6866
7	91	18330.0328
7	92	18527.8225
7	93	18727.0239
7	94	18927.6046
7	95	19129.5304
7	96	19332.7661
7	97	19537.2751
7	98	19743.0191
7	99	19949.9584
7	100	20158.0512
7	101	20367.254
7	102	20577.5211
7	103	20788.8042
7	104	21001.0529
7	105	21214.2134
7	106	21428.229
7	107	21643.0392
7	108	21858.5797
7	109	22074.7813
7	110	22291.5697
7	111	22508.8642
7	112	22726.5772
7	113	22944.6124
7	114	23162.8637
7	115	23381.2124
7	116	23599.5246
7	117	23817.6472
7	118	24035.4021
7	119	24252.5769
7	120	24468.911
7	121	24684.0679
7	122	24897.5846
7	123	25108.7779
7	124	25316.65
7	125	25520.0843
7	126	25718.7861
8	0	9667.119
8	1	9669.5184
8	2	9674.3169
8	3	9681.5143
8	4	9691.1099
8	5	9703.1029
8	6	9717.4923
8	7	9734.2771
8	8	9753.4558
8	9	9775.0269
8	10	9798.9886
8	11	9825.339
8	12	9854.076
8	13	9885.1971
8	14	9918.6999
8	15	9954.5816
8	16	9992.8392
8	17	10033.4697
8	18	10076.4697
8	19	10121.8356
8	20	10169.5636
8	21	10219.6499
8	22	10272.0903
8	23	10326.8804
8	24	10384.0156
8	25	10443.4912
8	26	10505.302
8	27	10569.443
8	28	10635.9087
8	29	10704.6935
8	30	10775.7915
8	31	10849.1965
8	32	10924.9024
8	33	11002.9025
8	34	11083.1902
8	35	11165.7583
8	36	11250.5998
8	37	11337.7071
8	38	11427.0726
8	39	11518.6883
8	40	11612.5461
8	41	11708.6375
8	42	11806.9539
8	43	11907.4862
8	44	12010.2255
8	45	12115.1621
8	46	12222.2864
8	47	12331.5885
8	48	12443.058
8	49	12556.6844
8	50	12672.4569
8	51	12790.3645
8	52	12910.3957
8	53	13032.5388
8	54	13156.7818
8	55	13283.1124
8	56	13411.5179
8	57	13541.9855
8	58	13674.5018
8	59	13809.0531
8	60	13945.6255
8	61	14084.2046
8	62	14224.7757
8	63	14367.3238
8	64	14511.8332
8	65	14658.2883
8	66	14806.6725
8	67	14956.9693
8	68	15109.1615
8	69	15263.2314
8	70	15419.1609
8	71	15576.9316
8	72	15736.5243
8	73	15897.9194
8	74	16061.0968
8	75	16226.0357
8	76	16392.715
8	77	16561.1127
8	78	16731.2062
8	79	16902.9723
8	80	17076.3872
8	81	17251.4261
8	82	17428.0637
8	83	17606.2736
8	84	17786.0288
8	85	17967.3012
8	86	18150.0618
8	87	18334.2807
8	88	18519.9266
8	89	18706.9674
8	90	18895.3694
8	91	19085.0978
8	92	19276.1163
8	93	19468.3869
8	94	19661.8701
8	95	19856.5245
8	96	20052.3067
8	97	20249.171
8	98	20447.0695
8	99	20645.9514
8	100	20845.7631
8	101	21046.4477
8	102	21247.9445
8	103	21450.1885
8	104	21653.1102
8	105	21856.6344
8	106	22060.6796
8	107	22265.1567
8	108	22469.9681
8	109	22675.0051
8	110	22880.1465
8	111	23085.2546
8	112	23290.1715
8	113	23494.712
8	114	23698.6539
8	115	23901.7206
8	116	24103.5491
8	117	24303.628
8	118	24501.1937
8	119	24695.1794
8	120	24884.6197
8	121	25069.5829
9	0	10637.5344
9	1	10639.8785
9	2	10644.5665
9	3	10651.598
9	4	10660.9724
9	5	10672.6889
9	6	10686.7464
9	7	10703.1437
9	8	10721.8795
9	9	10742.9521
9	10	10766.3597
9	11	10792.1002
9	12	10820.1714
9	13	10850.5708
9	14	10883.2959
9	15	10918.3436
9	16	10955.7111
9	17	10995.3948
9	18	11037.3915
9	19	11081.6973
9	20	11128.3084
9	21	11177.2205
9	22	11228.4294
9	23	11281.9305
9	24	11337.7189
9	25	11395.7897
9	26	11456.1376
9	27	11518.7571
9	28	11583.6425
9	29	11650.788
9	30	11720.1874
9	31	11791.8342
9	32	11865.7218
9	33	11941.8434
9	34	12020.1918
9	35	12100.7597
9	36	12183.5394
9	37	12268.5231
9	38	12355.7027
9	39	12445.0698
9	40	12536.6158
9	41	12630.3316
9	42	12726.2082
9	43	12824.2361
9	44	12924.4055
9	45	13026.7064
9	46	13131.1284
9	47	13237.6611
9	48	13346.2933
9	49	13457.014
9	50	13569.8115
9	51	13684.6739
9	52	13801.5892
9	53	13920.5447
9	54	14041.5275
9	55	14164.5245
9	56	14289.5219
9	57	14416.5059
9	58	14545.4621
9	59	14676.3757
9	60	14809.2316
9	61	14944.0142
9	62	15080.7075
9	63	15219.295
9	64	15359.7599
9	65	15502.0848
9	66	15646.2518
9	67	15792.2425
9	68	15940.038
9	69	16089.6188
9	70	16240.965
9	71	16394.0559
9	72	16548.8702
9	73	16705.3861
9	74	16863.581
9	75	17023.4315
9	76	17184.9137
9	77	17348.0027
9	78	17512.6728
9	79	17678.8976
9	80	17846.6495
9	81	18015.9001
9	82	18186.6199
9	83	18358.7784
9	84	18532.3436
9	85	18707.2826
9	86	18883.5609
9	87	19061.1425
9	88	19239.99
9	89	19420.0642
9	90	19601.3239
9	91	19783.7259
9	92	19967.225
9	93	20151.7731
9	94	20337.3198
9	95	20523.8112
9	96	20711.1905
9	97	20899.3966
9	98	21088.3644
9	99	21278.0237
9	100	21468.2986
9	101	21659.1066
9	102	21850.3573
9	103	22041.9512
9	104	22233.7776
9	105	22425.712
9	106	22617.6126
9	107	22809.3156
9	108	23000.6276
9	109	23191.3139
9	110	23381.0775
9	111	23569.5193
9	112	23756.0616
9	113	23939.8446
9	114	24119.78
9	115	24295.258
10	0	11567.3038
10	1	11569.5901
10	2	11574.1624
10	3	11581.0205
10	4	11590.1635
10	5	11601.5907
10	6	11615.3009
10	7	11631.293
10	8	11649.5655
10	9	11670.1165
10	10	11692.9442
10	11	11718.0465
10	12	11745.421
10	13	11775.0651
10	14	11806.9761
10	15	11841.1509
10	16	11877.5863
10	17	11916.2788
10	18	11957.2247
10	19	12000.4202
10	20	12045.8612
10	21	12093.5431
10	22	12143.4615
10	23	12195.6116
10	24	12249.9882
10	25	12306.5861
10	26	12365.3997
10	27	12426.4233
10	28	12489.6508
10	29	12555.076
10	30	12622.6923
10	31	12692.493
10	32	12764.471
10	33	12838.619
10	34	12914.9296
10	35	12993.3948
10	36	13074.0066
10	37	13156.7566
10	38	13241.6362
10	39	13328.6364
10	40	13417.748
10	41	13508.9614
10	42	13602.267
10	43	13697.6545
10	44	13795.1135
10	45	13894.6332
10	46	13996.2026
10	47	14099.8103
10	48	14205.4445
10	49	14313.093
10	50	14422.7435
10	51	14534.3831
10	52	14647.9985
10	53	14763.5763
10	54	14881.1024
10	55	15000.5624
10	56	15121.9415
10	57	15245.2244
10	58	15370.3955
10	59	15497.4385
10	60	15626.3369
10	61	15757.0734
10	62	15889.6304
10	63	16023.9898
10	64	16160.1328
10	65	16298.04
10	66	16437.6915
10	67	16579.0668
10	68	16722.1447
10	69	16866.9032
10	70	17013.3197
10	71	17161.3708
10	72	17311.0323
10	73	17462.2793
10	74	17615.0857
10	75	17769.4248
10	76	17925.2686
10	77	18082.5882
10	78	18241.3536
10	79	18401.5335
10	80	18563.0953
10	81	18726.0051
10	82	18890.2274
10	83	19055.7251
10	84	19222.4593
10	85	19390.3894
10	86	19559.4723
10	87	19729.663
10	88	19900.9137
10	89	20073.1739
10	90	20246.3899
10	91	20420.5046
10	92	20595.4568
10	93	20771.1809
10	94	20947.606
10	95	21124.6554
10	96	21302.2455
10	97	21480.2843
10	98	21658.6702
10	99	21837.2895
10	100	22016.014
10	101	22194.6966
10	102	22373.166
10	103	22551.2178
10	104	22728.6002
10	105	22904.9868
10	106	23079.9245
10	107	23252.7417
10	108	23422.478
10	109	23588.1722
10	110	23749.8271
11	0	12454.6607
11	1	12456.8863
11	2	12461.3374
11	3	12468.0134
11	4	12476.9137
11	5	12488.0374
11	6	12501.3834
11	7	12516.9503
11	8	12534.7366
11	9	12554.7404
11	10	12576.9597
11	11	12601.3922
11	12	12628.0355
11	13	12656.8867
11	14	12687.9431
11	15	12721.2013
11	16	12756.6579
11	17	12794.3093
11	18	12834.1516
11	19	12876.1806
11	20	12920.392
11	21	12966.7811
11	22	13015.3429
11	23	13066.0725
11	24	13118.9644
11	25	13174.013
11	26	13231.2123
11	27	13290.5563
11	28	13352.0385
11	29	13415.6522
11	30	13481.3904
11	31	13549.246
11	32	13619.2113
11	33	13691.2787
11	34	13765.4399
11	35	13841.6867
11	36	13920.0103
11	37	14000.4018
11	38	14082.8519
11	39	14167.3508
11	40	14253.8888
11	41	14342.4556
11	42	14433.0404
11	43	14525.6325
11	44	14620.2205
11	45	14716.7926
11	46	14815.337
11	47	14915.8412
11	48	15018.2923
11	49	15122.6772
11	50	15228.9823
11	51	15337.1935
11	52	15447.2963
11	53	15559.2758
11	54	15673.1166
11	55	15788.8027
11	56	15906.3179
11	57	16025.6452
11	58	16146.7671
11	59	16269.6656
11	60	16394.3221
11	61	16520.7175
11	62	16648.8318
11	63	16778.6445
11	64	16910.1345
11	65	17043.2798
11	66	17178.0576
11	67	17314.4444
11	68	17452.4159
11	69	17591.9468
11	70	17733.0108
11	71	17875.5807
11	72	18019.6281
11	73	18165.1235
11	74	18312.0362
11	75	18460.3341
11	76	18609.9838
11	77	18760.9502
11	78	18913.1967
11	79	19066.6848
11	80	19221.374
11	81	19377.2217
11	82	19534.1829
11	83	19692.2101
11	84	19851.2527
11	85	20011.257
11	86	20172.1655
11	87	20333.9168
11	88	20496.4446
11	89	20659.6772
11	90	20823.5367
11	91	20987.9379
11	92	21152.7868
11	93	21317.9789
11	94	21483.3966
11	95	21648.9066
11	96	21814.3546
11	97	21979.5589
11	98	22144.2992
11	99	22308.2977
11	100	22471.1816
11	101	22632.4126
11	102	22791.1934
11	103	22946.5293
11	104	23097.9159
12	0	13297.7324
12	1	13299.8942
12	2	13304.2176
12	3	13310.7021
12	4	13319.3469
12	5	13330.1512
12	6	13343.1137
12	7	13358.233
12	8	13375.5073
12	9	13394.9349
12	10	13416.5134
12	11	13440.2405
12	12	13466.1136
12	13	13494.1296
12	14	13524.2855
12	15	13556.5779
12	16	13591.003
12	17	13627.557
12	18	13666.2357
12	19	13707.0346
12	20	13749.949
12	21	13794.9741
12	22	13842.1045
12	23	13891.3348
12	24	13942.6591
12	25	13996.0715
12	26	14051.5656
12	27	14109.1347
12	28	14168.772
12	29	14230.4703
12	30	14294.222
12	31	14360.0194
12	32	14427.8542
12	33	14497.7182
12	34	14569.6025
12	35	14643.498
12	36	14719.3954
12	37	14797.2848
12	38	14877.1562
12	39	14958.9991
12	40	15042.8027
12	41	15128.5557
12	42	15216.2466
12	43	15305.8634
12	44	15397.3937
12	45	15490.8246
12	46	15586.1429
12	47	15683.335
12	48	15782.3866
12	49	15883.2832
12	50	15986.0097
12	51	16090.5503
12	52	16196.889
12	53	16305.0092
12	54	16414.8934
12	55	16526.5238
12	56	16639.882
12	57	16754.9489
12	58	16871.7046
12	59	16990.1287
12	60	17110.1998
12	61	17231.896
12	62	17355.1943
12	63	17480.0711
12	64	17606.5017
12	65	17734.4605
12	66	17863.9209
12	67	17994.8549
12	68	18127.2338
12	69	18261.0273
12	70	18396.2039
12	71	18532.7305
12	72	18670.5725
12	73	18809.6937
12	74	18950.0558
12	75	19091.6187
12	76	19234.3399
12	77	19378.1746
12	78	19523.0751
12	79	19668.9909
12	80	19815.8679
12	81	19963.6483
12	82	20112.2699
12	83	20261.6655
12	84	20411.7621
12	85	20562.4804
12	86	20713.7325
12	87	20865.4217
12	88	21017.4394
12	89	21169.6628
12	90	21321.9508
12	91	21474.1387
12	92	21626.0292
12	93	21777.3771
12	94	21927.8615
12	95	22077.0306
12	96	22224.2134
12	97	22368.4997
12	98	22509.1529
12	99	22646.3669
13	0	14094.5157
13	1	14096.61
13	2	14100.7985
13	3	14107.0805
13	4	14115.4553
13	5	14125.9219
13	6	14138.479
13	7	14153.125
13	8	14169.8581
13	9	14188.6763
13	10	14209.5772
13	11	14232.5582
13	12	14257.6164
13	13	14284.7487
13	14	14313.9518
13	15	14345.2218
13	16	14378.555
13	17	14413.9469
13	18	14451.3932
13	19	14490.8891
13	20	14532.4293
13	21	14576.0087
13	22	14621.6215
13	23	14669.2617
13	24	14718.9232
13	25	14770.5992
13	26	14824.283
13	27	14879.9673
13	28	14937.6447
13	29	14997.3072
13	30	15058.9467
13	31	15122.5547
13	32	15188.1222
13	33	15255.6401
13	34	15325.0988
13	35	15396.4882
13	36	15469.7981
13	37	15545.0177
13	38	15622.1358
13	39	15701.1409
13	40	15782.0211
13	41	15864.7638
13	42	15949.3563
13	43	16035.7852
13	44	16124.0367
13	45	16214.0964
13	46	16305.9495
13	47	16399.5807
13	48	16494.974
13	49	16592.1129
13	50	16690.9804
13	51	16791.5586
13	52	16893.8293
13	53	16997.7732
13	54	17103.3707
13	55	17210.6011
13	56	17319.4431
13	57	17429.8746
13	58	17541.8723
13	59	17655.4124
13	60	17770.4698
13	61	17887.0183
13	62	18005.0308
13	63	18124.4789
13	64	18245.3329
13	65	18367.5616
13	66	18491.1324
13	67	18616.0111
13	68	18742.1616
13	69	18869.5461
13	70	18998.1244
13	71	19127.8543
13	72	19258.6907
13	73	19390.5858
13	74	19523.4888
13	75	19657.3449
13	76	19792.0956
13	77	19927.6776
13	78	20064.0223
13	79	20201.0549
13	80	20338.6932
13	81	20476.8463
13	82	20615.413
13	83	20754.2787
13	84	20893.3126
13	85	21032.3624
13	86	21171.2468
13	87	21309.7429
13	88	21447.5626
13	89	21584.3059
13	90	21719.3837
13	91	21851.9734
13	92	21981.313
13	93	22107.5255
14	0	14842.8456
14	1	14844.8683
14	2	14848.9134
14	3	14854.9803
14	4	14863.0682
14	5	14873.176
14	6	14885.3023
14	7	14899.4454
14	8	14915.6032
14	9	14933.7737
14	10	14953.9541
14	11	14976.1418
14	12	15000.3335
14	13	15026.5259
14	14	15054.7152
14	15	15084.8974
14	16	15117.0682
14	17	15151.2231
14	18	15187.357
14	19	15225.4647
14	20	15265.5406
14	21	15307.579
14	22	15351.5735
14	23	15397.5177
14	24	15445.4046
14	25	15495.227
14	26	15546.9774
14	27	15600.6478
14	28	15656.2299
14	29	15713.715
14	30	15773.0942
14	31	15834.3579
14	32	15897.4963
14	33	15962.4992
14	34	16029.3559
14	35	16098.0553
14	36	16168.5857
14	37	16240.9352
14	38	16315.0914
14	39	16391.0411
14	40	16468.771
14	41	16548.267
14	42	16629.5145
14	43	16712.4984
14	44	16797.203
14	45	16883.6119
14	46	16971.7082
14	47	17061.4741
14	48	17152.8915
14	49	17245.941
14	50	17340.603
14	51	17436.8566
14	52	17534.6804
14	53	17634.0519
14	54	17734.9477
14	55	17837.3433
14	56	17941.2132
14	57	18046.5307
14	58	18153.2678
14	59	18261.3953
14	60	18370.8823
14	61	18481.6966
14	62	18593.8042
14	63	18707.1692
14	64	18821.7538
14	65	18937.5178
14	66	19054.4188
14	67	19172.4114
14	68	19291.4474
14	69	19411.4751
14	70	19532.4389
14	71	19654.2789
14	72	19776.9299
14	73	19900.3213
14	74	20024.3752
14	75	20149.0055
14	76	20274.1164
14	77	20399.5998
14	78	20525.332
14	79	20651.1696
14	80	20776.9419
14	81	20902.4394
14	82	21027.392
14	83	21151.4258
14	84	21273.9921
14	85	21394.3294
14	86	21511.7454
14	87	21626.3512
15	0	15540.3555
15	1	15542.3016
15	2	15546.1934
15	3	15552.0304
15	4	15559.8116
15	5	15569.5357
15	6	15581.2014
15	7	15594.8066
15	8	15610.3492
15	9	15627.8267
15	10	15647.2364
15	11	15668.5751
15	12	15691.8393
15	13	15717.0254
15	14	15744.1291
15	15	15773.1461
15	16	15804.0715
15	17	15836.9003
15	18	15871.627
15	19	15908.2458
15	20	15946.7506
15	21	15987.1347
15	22	16029.3913
15	23	16073.5131
15	24	16119.4924
15	25	16167.3211
15	26	16216.9909
15	27	16268.4927
15	28	16321.8174
15	29	16376.9551
15	30	16433.8957
15	31	16492.6285
15	32	16553.1424
15	33	16615.4259
15	34	16679.4667
15	35	16745.2522
15	36	16812.7693
15	37	16882.0043
15	38	16952.9428
15	39	17025.5698
15	40	17099.8699
15	41	17175.8269
15	42	17253.4237
15	43	17332.6428
15	44	17413.4658
15	45	17495.8735
15	46	17579.8459
15	47	17665.362
15	48	17752.4
15	49	17840.9371
15	50	17930.9493
15	51	18022.4115
15	52	18115.2975
15	53	18209.5797
15	54	18305.2291
15	55	18402.2153
15	56	18500.506
15	57	18600.0674
15	58	18700.8636
15	59	18802.8565
15	60	18906.0058
15	61	19010.2684
15	62	19115.5984
15	63	19221.9465
15	64	19329.2597
15	65	19437.4809
15	66	19546.5478
15	67	19656.3928
15	68	19766.9414
15	69	19878.1111
15	70	19989.8099
15	71	20101.9339
15	72	20214.3642
15	73	20326.9621
15	74	20439.5623
15	75	20551.9605
15	76	20663.8905
15	77	20774.9793
15	78	20884.6802
15	79	20992.2747
15	80	21097.2381
16	0	16184.4233
16	1	16186.2869
16	2	16190.0136
16	3	16195.6029
16	4	16203.0536
16	5	16212.3645
16	6	16223.5337
16	7	16236.5593
16	8	16251.4387
16	9	16268.1692
16	10	16286.7476
16	11	16307.1705
16	12	16329.4341
16	13	16353.5339
16	14	16379.4656
16	15	16407.224
16	16	16436.8039
16	17	16468.1994
16	18	16501.4044
16	19	16536.4123
16	20	16573.2162
16	21	16611.8087
16	22	16652.182
16	23	16694.3277
16	24	16738.2373
16	25	16783.9013
16	26	16831.3104
16	27	16880.4541
16	28	16931.322
16	29	16983.9029
16	30	17038.1849
16	31	17094.1558
16	32	17151.8029
16	33	17211.1124
16	34	17272.0705
16	35	17334.6624
16	36	17398.8725
16	37	17464.6848
16	38	17532.0823
16	39	17601.0475
16	40	17671.5616
16	41	17743.6054
16	42	17817.1585
16	43	17892.1996
16	44	17968.7064
16	45	18046.6553
16	46	18126.0218
16	47	18206.7799
16	48	18288.9022
16	49	18372.3599
16	50	18457.1227
16	51	18543.1583
16	52	18630.4327
16	53	18718.9096
16	54	18808.5505
16	55	18899.3143
16	56	18991.1571
16	57	19084.0314
16	58	19177.8865
16	59	19272.6673
16	60	19368.3136
16	61	19464.76
16	62	19561.9342
16	63	19659.7559
16	64	19758.1352
16	65	19856.9701
16	66	19956.1431
16	67	20055.5161
16	68	20154.9228
16	69	20254.1532
16	70	20352.9263
16	71	20450.8376
16	72	20547.3109
16	73	20641.7136
16	74	20733.892
17	0	16772.0995
17	1	16773.8733
17	2	16777.4205
17	3	16782.7403
17	4	16789.8316
17	5	16798.6927
17	6	16809.3218
17	7	16821.7164
17	8	16835.8738
17	9	16851.7908
17	10	16869.4638
17	11	16888.8889
17	12	16910.0616
17	13	16932.977
17	14	16957.63
17	15	16984.0148
17	16	17012.1252
17	17	17041.9546
17	18	17073.4959
17	19	17106.7416
17	20	17141.6835
17	21	17178.3132
17	22	17216.6216
17	23	17256.599
17	24	17298.2352
17	25	17341.5197
17	26	17386.4409
17	27	17432.9871
17	28	17481.1456
17	29	17530.9032
17	30	17582.2461
17	31	17635.1596
17	32	17689.6283
17	33	17745.636
17	34	17803.1658
17	35	17862.1999
17	36	17922.7193
17	37	17984.7043
17	38	18048.1342
17	39	18112.9869
17	40	18179.2394
17	41	18246.8672
17	42	18315.8446
17	43	18386.1444
17	44	18457.7377
17	45	18530.5939
17	46	18604.6804
17	47	18679.9627
17	48	18756.4037
17	49	18833.9638
17	50	18912.6007
17	51	18992.2686
17	52	19072.9179
17	53	19154.4949
17	54	19236.9409
17	55	19320.1914
17	56	19404.1749
17	57	19488.8115
17	58	19574.0111
17	59	19659.6704
17	60	19745.6691
17	61	19831.8633
17	62	19918.0748
17	63	20004.0691
17	64	20089.5155
17	65	20173.9381
17	66	20256.7669
17	67	20337.7171
17	68	20417.0762
18	0	17300.0037
18	1	17301.6786
18	2	17305.0281
18	3	17310.0511
18	4	17316.7464
18	5	17325.112
18	6	17335.1458
18	7	17346.8449
18	8	17360.2061
18	9	17375.2257
18	10	17391.8995
18	11	17410.2228
18	12	17430.1905
18	13	17451.7968
18	14	17475.0357
18	15	17499.9002
18	16	17526.3831
18	17	17554.4767
18	18	17584.1725
18	19	17615.4615
18	20	17648.3341
18	21	17682.7801
18	22	17718.7886
18	23	17756.348
18	24	17795.4461
18	25	17836.0699
18	26	17878.2056
18	27	17921.8387
18	28	17966.9538
18	29	18013.5345
18	30	18061.5637
18	31	18111.023
18	32	18161.8933
18	33	18214.1541
18	34	18267.7837
18	35	18322.7593
18	36	18379.0566
18	37	18436.6497
18	38	18495.5111
18	39	18555.6118
18	40	18616.9203
18	41	18679.4034
18	42	18743.0253
18	43	18807.7475
18	44	18873.5286
18	45	18940.3235
18	46	19008.0835
18	47	19076.7552
18	48	19146.2799
18	49	19216.5924
18	50	19287.6201
18	51	19359.281
18	52	19431.4808
18	53	19504.11
18	54	19577.0374
18	55	19650.0999
18	56	19723.0821
18	57	19795.6791
18	58	19867.4596
18	59	19937.9404
18	60	20006.9574
18	61	20074.7526
19	0	17764.1728
19	1	17765.7371
19	2	17768.8651
19	3	17773.5557
19	4	17779.8073
19	5	17787.6177
19	6	17796.9841
19	7	17807.9031
19	8	17820.371
19	9	17834.3832
19	10	17849.9345
19	11	17867.0194
19	12	17885.6316
19	13	17905.7641
19	14	17927.4093
19	15	17950.559
19	16	17975.2042
19	17	18001.3354
19	18	18028.9421
19	19	18058.0131
19	20	18088.5365
19	21	18120.4996
19	22	18153.8885
19	23	18188.6887
19	24	18224.8847
19	25	18262.4598
19	26	18301.3963
19	27	18341.6752
19	28	18383.2766
19	29	18426.1788
19	30	18470.3589
19	31	18515.7924
19	32	18562.4531
19	33	18610.3128
19	34	18659.3413
19	35	18709.5061
19	36	18760.7722
19	37	18813.1015
19	38	18866.4527
19	39	18920.7808
19	40	18976.0363
19	41	19032.1647
19	42	19089.1051
19	43	19146.7893
19	44	19205.1397
19	45	19264.0667
19	46	19323.4649
19	47	19383.2056
19	48	19443.1246
19	49	19502.9963
19	50	19562.4979
19	51	19621.2207
19	52	19678.8738
19	53	19735.6681
20	0	18159.8231
20	1	18161.2605
20	2	18164.1345
20	3	18168.4438
20	4	18174.1863
20	5	18181.3593
20	6	18189.9592
20	7	18199.9818
20	8	18211.4222
20	9	18224.2746
20	10	18238.5326
20	11	18254.189
20	12	18271.2357
20	13	18289.6636
20	14	18309.4632
20	15	18330.6235
20	16	18353.1331
20	17	18376.9791
20	18	18402.148
20	19	18428.6248
20	20	18456.3936
20	21	18485.437
20	22	18515.7365
20	23	18547.2719
20	24	18580.0215
20	25	18613.9619
20	26	18649.0679
20	27	18685.3121
20	28	18722.6647
20	29	18761.0935
20	30	18800.5633
20	31	18841.0353
20	32	18882.4673
20	33	18924.8122
20	34	18968.0174
20	35	19012.0242
20	36	19056.7652
20	37	19102.1628
20	38	19148.1252
20	39	19194.5404
20	40	19241.2639
20	41	19288.0951
20	42	19334.751
20	43	19380.9017
20	44	19426.384
20	45	19471.4738
21	0	18480.9454
21	1	18482.2319
21	2	18484.804
21	3	18488.6597
21	4	18493.7962
21	5	18500.2098
21	6	18507.8957
21	7	18516.8481
21	8	18527.0601
21	9	18538.524
21	10	18551.2307
21	11	18565.1701
21	12	18580.3309
21	13	18596.7003
21	14	18614.2644
21	15	18633.0078
21	16	18652.9133
21	17	18673.9624
21	18	18696.1345
21	19	18719.407
21	20	18743.755
21	21	18769.1513
21	22	18795.5657
21	23	18822.9648
21	24	18851.3114
21	25	18880.5638
21	26	18910.6752
21	27	18941.5919
21	28	18973.252
21	29	19005.5824
21	30	19038.494
21	31	19071.8724
21	32	19105.5583
21	33	19139.3276
21	34	19172.9311
21	35	19206.2724
21	36	19239.6035
22	0	18719.5316
22	1	18720.6269
22	2	18722.8162
22	3	18726.0963
22	4	18730.4629
22	5	18735.9099
22	6	18742.4297
22	7	18750.0131
22	8	18758.6489
22	9	18768.3241
22	10	18779.0238
22	11	18790.7306
22	12	18803.4249
22	13	18817.0841
22	14	18831.6826
22	15	18847.1911
22	16	18863.5758
22	17	18880.7978
22	18	18898.8115
22	19	18917.5623
22	20	18936.9832
22	21	18956.9863
22	22	18977.4447
22	23	18998.1826
22	24	19019.0494
22	25	19040.0802
22	26	19061.5386
23	0	18863.7406
23	1	18864.5535
23	2	18866.1757
23	3	18868.5997
23	4	18871.8141
23	5	18875.8027
23	6	18880.5439
23	7	18886.0094
23	8	18892.1612
23	9	18898.9463
23	10	18906.2769
23	11	18914.0192
23	12	18922.1993
23	13	18931.0372