0	0	488.6172
0	1	490.9119
0	2	495.5012
0	3	502.3847
0	4	511.562
0	5	523.0324
0	6	536.7953
0	7	552.8496
0	8	571.1943
0	9	591.8282
0	10	614.7498
0	11	639.9576
0	12	667.45
0	13	697.225
0	14	729.2807
0	15	763.6149
0	16	800.2252
0	17	839.1093
0	18	880.2645
0	19	923.6879
0	20	969.3767
0	21	1017.3278
0	22	1067.5379
0	23	1120.0037
0	24	1174.7214
0	25	1231.6875
0	26	1290.8981
0	27	1352.3491
0	28	1416.0364
0	29	1481.9556
0	30	1550.1021
0	31	1620.4715
0	32	1693.0588
0	33	1767.859
0	34	1844.8671
0	35	1924.0777
0	36	2005.4855
0	37	2089.0847
0	38	2174.8697
0	39	2262.8346
0	40	2352.9731
0	41	2445.2792
0	42	2539.7463
0	43	2636.368
0	44	2735.1375
0	45	2836.0479
0	46	2939.0922
0	47	3044.2632
0	48	3151.5534
0	49	3260.9554
0	50	3372.4615
0	51	3486.0638
0	52	3601.7543
0	53	3719.5247
0	54	3839.3668
0	55	3961.2719
0	56	4085.2315
0	57	4211.2366
0	58	4339.2782
0	59	4469.3471
0	60	4601.4339
0	61	4735.5292
0	62	4871.6231
0	63	5009.7058
0	64	5149.7672
0	65	5291.7971
0	66	5435.7851
0	67	5581.7205
0	68	5729.5927
0	69	5879.3906
0	70	6031.1032
0	71	6184.719
0	72	6340.2267
0	73	6497.6145
0	74	6656.8705
0	75	6817.9828
0	76	6980.939
0	77	7145.7266
0	78	7312.3332
0	79	7480.7457
0	80	7650.9512
0	81	7822.9365
0	82	7996.688
0	83	8172.1922
0	84	8349.4352
0	85	8528.4029
0	86	8709.0811
0	87	8891.4551
0	88	9075.5104
0	89	9261.2319
0	90	9448.6045
0	91	9637.6127
0	92	9828.241
0	93	10020.4734
0	94	10214.2937
0	95	10409.6857
0	96	10606.6325
0	97	10805.1174
0	98	11005.1232
0	99	11206.6323
0	100	11409.6271
0	101	11614.0896
0	102	11820.0014
0	103	12027.3439
0	104	12236.0981
0	105	12446.2449
0	106	12657.7646
0	107	12870.6372
0	108	13084.8426
0	109	13300.36
0	110	13517.1685
0	111	13735.2465
0	112	13954.5723
0	113	14175.1237
0	114	14396.8778
0	115	14619.8117
0	116	14843.9016
0	117	15069.1235
0	118	15295.4526
0	119	15522.8638
0	120	15751.3313
0	121	15980.8288
0	122	16211.3291
1	0	1448.3668
1	1	1450.6253
1	2	1455.1421
1	3	1461.9168
1	4	1470.9491
1	5	1482.2383
1	6	1495.7836
1	7	1511.5841
1	8	1529.6386
1	9	1549.9461
1	10	1572.5049
1	11	1597.3137
1	12	1624.3707
1	13	1653.6739
1	14	1685.2214
1	15	1719.011
1	16	1755.0403
1	17	1793.3069
1	18	1833.8081
1	19	1876.5411
1	20	1921.5029
1	21	1968.6903
1	22	2018.1002
1	23	2069.729
1	24	2123.5731
1	25	2179.6289
1	26	2237.8923
1	27	2298.3593
1	28	2361.0257
1	29	2425.887
1	30	2492.9388
1	31	2562.1762
1	32	2633.5945
1	33	2707.1885
1	34	2782.9532
1	35	2860.883
1	36	2940.9726
1	37	3023.2162
1	38	3107.6079
1	39	3194.1419
1	40	3282.8118
1	41	3373.6114
1	42	3466.5341
1	43	3561.5733
1	44	3658.7222
1	45	3757.9737
1	46	3859.3207
1	47	3962.7559
1	48	4068.2718
1	49	4175.8606
1	50	4285.5146
1	51	4397.2257
1	52	4510.9857
1	53	4626.7864
1	54	4744.6191
1	55	4864.4752
1	56	4986.3458
1	57	5110.2218
1	58	5236.0941
1	59	5363.9532
1	60	5493.7894
1	61	5625.5932
1	62	5759.3544
1	63	5895.063
1	64	6032.7087
1	65	6172.2809
1	66	6313.769
1	67	6457.1621
1	68	6602.4491
1	69	6749.6188
1	70	6898.6596
1	71	7049.5601
1	72	7202.3082
1	73	7356.892
1	74	7513.2992
1	75	7671.5173
1	76	7831.5337
1	77	7993.3355
1	78	8156.9097
1	79	8322.2428
1	80	8489.3215
1	81	8658.1319
1	82	8828.66
1	83	9000.8918
1	84	9174.8127
1	85	9350.4081
1	86	9527.663
1	87	9706.5624
1	88	9887.0908
1	89	10069.2326
1	90	10252.9718
1	91	10438.2922
1	92	10625.1775
1	93	10813.6108
1	94	11003.5752
1	95	11195.0533
1	96	11388.0276
1	97	11582.48
1	98	11778.3925
1	99	11975.7464
1	100	12174.5228
1	101	12374.7025
1	102	12576.266
1	103	12779.1932
1	104	12983.4638
1	105	13189.057
1	106	13395.9519
1	107	13604.1267
1	108	13813.5594
1	109	14024.2277
1	110	14236.1085
1	111	14449.1784
1	112	14663.4135
1	113	14878.7892
1	114	15095.2804
1	115	15312.8614
1	116	15531.506
1	117	15751.187
1	118	15971.8768
1	119	16193.5469
2	0	2384.4037
2	1	2386.625
2	2	2391.0675
2	3	2397.7309
2	4	2406.6146
2	5	2417.7181
2	6	2431.0406
2	7	2446.5811
2	8	2464.3385
2	9	2484.3116
2	10	2506.4989
2	11	2530.8988
2	12	2557.5097
2	13	2586.3296
2	14	2617.3564
2	15	2650.588
2	16	2686.022
2	17	2723.6559
2	18	2763.4869
2	19	2805.5122
2	20	2849.7288
2	21	2896.1335
2	22	2944.7231
2	23	2995.4939
2	24	3048.4424
2	25	3103.5648
2	26	3160.857
2	27	3220.315
2	28	3281.9343
2	29	3345.7107
2	30	3411.6394
2	31	3479.7157
2	32	3549.9346
2	33	3622.2909
2	34	3696.7795
2	35	3773.3948
2	36	3852.1313
2	37	3932.9832
2	38	4015.9444
2	39	4101.009
2	40	4188.1706
2	41	4277.4228
2	42	4368.7589
2	43	4462.1722
2	44	4557.6557
2	45	4655.2022
2	46	4754.8045
2	47	4856.4551
2	48	4960.1463
2	49	5065.8702
2	50	5173.619
2	51	5283.3843
2	52	5395.1578
2	53	5508.931
2	54	5624.6952
2	55	5742.4414
2	56	5862.1606
2	57	5983.8434
2	58	6107.4804
2	59	6233.062
2	60	6360.5783
2	61	6490.0193
2	62	6621.3748
2	63	6754.6343
2	64	6889.7873
2	65	7026.8228
2	66	7165.73
2	67	7306.4976
2	68	7449.1141
2	69	7593.568
2	70	7739.8474
2	71	7887.9402
2	72	8037.8343
2	73	8189.5171
2	74	8342.9758
2	75	8498.1977
2	76	8655.1695
2	77	8813.8779
2	78	8974.3092
2	79	9136.4496
2	80	9300.285
2	81	9465.801
2	82	9632.9831
2	83	9801.8163
2	84	9972.2857
2	85	10144.3757
2	86	10318.0708
2	87	10493.355
2	88	10670.2121
2	89	10848.6256
2	90	11028.5787
2	91	11210.0543
2	92	11393.0349
2	93	11577.5027
2	94	11763.4398
2	95	11950.8276
2	96	12139.6474
2	97	12329.8801
2	98	12521.506
2	99	12714.5053
2	100	12908.8577
2	101	13104.5423
2	102	13301.5381
2	103	13499.8234
2	104	13699.3761
2	105	13900.1736
2	106	14102.1927
2	107	14305.4099
2	108	14509.8009
2	109	14715.3408
2	110	14922.0043
2	111	15129.7653
2	112	15338.5969
2	113	15548.4717
2	114	15759.3614
2	115	15971.2368
2	116	16184.0679
3	0	3296.0102
3	1	3298.1935
3	2	3302.5599
3	3	3309.1091
3	4	3317.8406
3	5	3328.7538
3	6	3341.8478
3	7	3357.1218
3	8	3374.5746
3	9	3394.2048
3	10	3416.0112
3	11	3439.992
3	12	3466.1455
3	13	3494.4698
3	14	3524.9628
3	15	3557.6223
3	16	3592.4458
3	17	3629.4307
3	18	3668.5744
3	19	3709.8739
3	20	3753.3262
3	21	3798.928
3	22	3846.676
3	23	3896.5667
3	24	3948.5962
3	25	4002.7608
3	26	4059.0564
3	27	4117.4787
3	28	4178.0234
3	29	4240.686
3	30	4305.4618
3	31	4372.3458
3	32	4441.3331
3	33	4512.4183
3	34	4585.5963
3	35	4660.8613
3	36	4738.2076
3	37	4817.6294
3	38	4899.1206
3	39	4982.675
3	40	5068.2861
3	41	5155.9474
3	42	5245.652
3	43	5337.3931
3	44	5431.1636
3	45	5526.956
3	46	5624.763
3	47	5724.5769
3	48	5826.3899
3	49	5930.1938
3	50	6035.9806
3	51	6143.7418
3	52	6253.4689
3	53	6365.153
3	54	6478.7852
3	55	6594.3564
3	56	6711.8572
3	57	6831.2781
3	58	6952.6093
3	59	7075.8408
3	60	7200.9627
3	61	7327.9644
3	62	7456.8355
3	63	7587.5652
3	64	7720.1425
3	65	7854.5562
3	66	7990.7951
3	67	8128.8473
3	68	8268.7012
3	69	8410.3446
3	70	8553.7653
3	71	8698.9507
3	72	8845.8881
3	73	8994.5645
3	74	9144.9666
3	75	9297.0811
3	76	9450.894
3	77	9606.3916
3	78	9763.5595
3	79	9922.3831
3	80	10082.8478
3	81	10244.9384
3	82	10408.6396
3	83	10573.9358
3	84	10740.811
3	85	10909.249
3	86	11079.2332
3	87	11250.7467
3	88	11423.7724
3	89	11598.2928
3	90	11774.2898
3	91	11951.7453
3	92	12130.6406
3	93	12310.9567
3	94	12492.6743
3	95	12675.7734
3	96	12860.2338
3	97	13046.035
3	98	13233.1556
3	99	13421.574
3	100	13611.2682
3	101	13802.2154
3	102	13994.3925
3	103	14187.7756
3	104	14382.3404
3	105	14578.0619
3	106	14774.9143
3	107	14972.8713
3	108	15171.9057
3	109	15371.9897
3	110	15573.0943
3	111	15775.19
3	112	15978.2461
4	0	4182.4562
4	1	4184.6005
4	2	4188.8888
4	3	4195.3208
4	4	4203.8961
4	5	4214.6141
4	6	4227.4738
4	7	4242.4743
4	8	4259.6145
4	9	4278.893
4	10	4300.3085
4	11	4323.8592
4	12	4349.5434
4	13	4377.3591
4	14	4407.3042
4	15	4439.3764
4	16	4473.5733
4	17	4509.8921
4	18	4548.3302
4	19	4588.8846
4	20	4631.5522
4	21	4676.3297
4	22	4723.2136
4	23	4772.2003
4	24	4823.286
4	25	4876.4668
4	26	4931.7386
4	27	4989.097
4	28	5048.5376
4	29	5110.0557
4	30	5173.6466
4	31	5239.3052
4	32	5307.0265
4	33	5376.805
4	34	5448.6353
4	35	5522.5117
4	36	5598.4283
4	37	5676.3791
4	38	5756.358
4	39	5838.3584
4	40	5922.3739
4	41	6008.3976
4	42	6096.4227
4	43	6186.4421
4	44	6278.4483
4	45	6372.434
4	46	6468.3915
4	47	6566.3128
4	48	6666.19
4	49	6768.0147
4	50	6871.7786
4	51	6977.4729
4	52	7085.089
4	53	7194.6176
4	54	7306.0496
4	55	7419.3755
4	56	7534.5857
4	57	7651.6704
4	58	7770.6194
4	59	7891.4225
4	60	8014.0691
4	61	8138.5487
4	62	8264.8502
4	63	8392.9624
4	64	8522.874
4	65	8654.5735
4	66	8788.0488
4	67	8923.288
4	68	9060.2787
4	69	9199.0083
4	70	9339.4641
4	71	9481.6329
4	72	9625.5013
4	73	9771.0559
4	74	9918.2827
4	75	10067.1675
4	76	10217.6961
4	77	10369.8535
4	78	10523.6248
4	79	10678.9948
4	80	10835.9477
4	81	10994.4678
4	82	11154.5386
4	83	11316.1436
4	84	11479.2658
4	85	11643.8881
4	86	11809.9926
4	87	11977.5614
4	88	12146.5761
4	89	12317.0178
4	90	12488.8673
4	91	12662.105
4	92	12836.7106
4	93	13012.6636
4	94	13189.943
4	95	13368.5272
4	96	13548.394
4	97	13729.5208
4	98	13911.8843
4	99	14095.4608
4	100	14280.2257
4	101	14466.1538
4	102	14653.2194
4	103	14841.3957
4	104	15030.6555
4	105	15220.9703
4	106	15412.311
4	107	15604.6477
4	108	15797.9489
4	109	15992.1827
5	0	5042.9956
5	1	5045.0997
5	2	5049.3078
5	3	5055.6196
5	4	5064.0345
5	5	5074.5518
5	6	5087.1708
5	7	5101.8905
5	8	5118.7096
5	9	5137.6269
5	10	5158.6408
5	11	5181.7497
5	12	5206.9518
5	13	5234.245
5	14	5263.6271
5	15	5295.0959
5	16	5328.6489
5	17	5364.2833
5	18	5401.9962
5	19	5441.7848
5	20	5483.6458
5	21	5527.5758
5	22	5573.5714
5	23	5621.6287
5	24	5671.744
5	25	5723.9132
5	26	5778.132
5	27	5834.3961
5	28	5892.7009
5	29	5953.0416
5	30	6015.4133
5	31	6079.811
5	32	6146.2293
5	33	6214.6627
5	34	6285.1056
5	35	6357.5522
5	36	6431.9965
5	37	6508.4323
5	38	6586.8532
5	39	6667.2526
5	40	6749.6238
5	41	6833.9598
5	42	6920.2535
5	43	7008.4976
5	44	7098.6845
5	45	7190.8066
5	46	7284.8558
5	47	7380.8242
5	48	7478.7033
5	49	7578.4847
5	50	7680.1596
5	51	7783.7191
5	52	7889.154
5	53	7996.4551
5	54	8105.6127
5	55	8216.6171
5	56	8329.4582
5	57	8444.1258
5	58	8560.6094
5	59	8678.8985
5	60	8798.982
5	61	8920.8488
5	62	9044.4875
5	63	9169.8865
5	64	9297.0339
5	65	9425.9175
5	66	9556.525
5	67	9688.8438
5	68	9822.8608
5	69	9958.5629
5	70	10095.9366
5	71	10234.9683
5	72	10375.6437
5	73	10517.9487
5	74	10661.8685
5	75	10807.3882
5	76	10954.4926
5	77	11103.166
5	78	11253.3925
5	79	11405.1558
5	80	11558.4393
5	81	11713.226
5	82	11869.4985
5	83	12027.239
5	84	12186.4293
5	85	12347.0509
5	86	12509.0848
5	87	12672.5114
5	88	12837.3107
5	89	13003.4625
5	90	13170.9456
5	91	13339.7388
5	92	13509.8198
5	93	13681.1662
5	94	13853.7546
5	95	14027.5614
5	96	14202.5618
5	97	14378.7308
5	98	14556.0423
5	99	14734.4695
5	100	14913.9848
5	101	15094.5598
5	102	15276.1649
5	103	15458.7697
5	104	15642.3425
5	105	15826.8506
5	106	16012.2599
6	0	5876.8624
6	1	5878.9253
6	2	5883.0509
6	3	5889.2389
6	4	5897.4888
6	5	5907.8
6	6	5920.1714
6	7	5934.6022
6	8	5951.0911
6	9	5969.6368
6	10	5990.2377
6	11	6012.8922
6	12	6037.5983
6	13	6064.354
6	14	6093.157
6	15	6124.005
6	16	6156.8955
6	17	6191.8255
6	18	6228.7923
6	19	6267.7928
6	20	6308.8236
6	21	6351.8814
6	22	6396.9624
6	23	6444.063
6	24	6493.1791
6	25	6544.3065
6	26	6597.441
6	27	6652.578
6	28	6709.7127
6	29	6768.8404
6	30	6829.956
6	31	6893.0541
6	32	6958.1295
6	33	7025.1763
6	34	7094.1889
6	35	7165.1612
6	36	7238.087
6	37	7312.96
6	38	7389.7735
6	39	7468.5208
6	40	7549.1949
6	41	7631.7886
6	42	7716.2946
6	43	7802.7053
6	44	7891.0129
6	45	7981.2094
6	46	8073.2866
6	47	8167.2362
6	48	8263.0494
6	49	8360.7175
6	50	8460.2313
6	51	8561.5817
6	52	8664.7591
6	53	8769.7538
6	54	8876.5558
6	55	8985.155
6	56	9095.5408
6	57	9207.7027
6	58	9321.6297
6	59	9437.3107
6	60	9554.7342
6	61	9673.8885
6	62	9794.7617
6	63	9917.3417
6	64	10041.6159
6	65	10167.5715
6	66	10295.1956
6	67	10424.4747
6	68	10555.3953
6	69	10687.9434
6	70	10822.1048
6	71	10957.8649
6	72	11095.2088
6	73	11234.1213
6	74	11374.5867
6	75	11516.5892
6	76	11660.1125
6	77	11805.1398
6	78	11951.6541
6	79	12099.6378
6	80	12249.0732
6	81	12399.9419
6	82	12552.2251
6	83	12705.9035
6	84	12860.9574
6	85	13017.3666
6	86	13175.1103
6	87	13334.1671
6	88	13494.5152
6	89	13656.1321
6	90	13818.9946
6	91	13983.0789
6	92	14148.3605
6	93	14314.8142
6	94	14482.4139
6	95	14651.1327
6	96	14820.9428
6	97	14991.8156
6	98	15163.7212
6	99	15336.629
6	100	15510.5069
6	101	15685.3218
6	102	15861.0389
7	0	6683.2666
7	1	6685.287
7	2	6689.3277
7	3	6695.3883
7	4	6703.4683
7	5	6713.567
7	6	6725.6836
7	7	6739.8168
7	8	6755.9657
7	9	6774.1286
7	10	6794.3041
7	11	6816.4904
7	12	6840.6856
7	13	6866.8875
7	14	6895.0939
7	15	6925.3023
7	16	6957.51
7	17	6991.7143
7	18	7027.9121
7	19	7066.1002
7	20	7106.2753
7	21	7148.4339
7	22	7192.5721
7	23	7238.6861
7	24	7286.7717
7	25	7336.8248
7	26	7388.8407
7	27	7442.8149
7	28	7498.7425
7	29	7556.6184
7	30	7616.4375
7	31	7678.1943
7	32	7741.8831
7	33	7807.4982
7	34	7875.0336
7	35	7944.483
7	36	8015.84
7	37	8089.098
7	38	8164.2502
7	39	8241.2896
7	40	8320.209
7	41	8401.0008
7	42	8483.6575
7	43	8568.1711
7	44	8654.5337
7	45	8742.7368
7	46	8832.772
7	47	8924.6304
7	48	9018.3032
7	49	9113.7811
7	50	9211.0547
7	51	9310.1142
7	52	9410.9497
7	53	9513.5511
7	54	9617.9079
7	55	9724.0095
7	56	9831.8449
7	57	9941.4029
7	58	10052.6721
7	59	10165.6406
7	60	10280.2965
7	61	10396.6275
7	62	10514.621
7	63	10634.264
7	64	10755.5434
7	65	10878.4456
7	66	11002.9569
7	67	11129.063
7	68	11256.7495
7	69	11386.0015
7	70	11516.8037
7	71	11649.1407
7	72	11782.9965
7	73	11918.3548
7	74	12055.1987
7	75	12193.5112
7	76	12333.2746
7	77	12474.471
7	78	12617.0817
7	79	12761.0878
7	80	12906.4699
7	81	13053.2078
7	82	13201.2811
7	83	13350.6686
7	84	13501.3485
7	85	13653.2985
7	86	13806.4956
7	87	13960.916
7	88	14116.5352
7	89	14273.328
7	90	14431.2683
7	91	14590.3292
7	92	14750.4829
7	93	14911.7003
7	94	15073.9517
7	95	15237.2059
7	96	15401.4305
7	97	15566.5921
7	98	15732.6554
7	99	15899.5839
8	0	7461.3893
8	1	7463.366
8	2	7467.3191
8	3	7473.2483
8	4	7481.153
8	5	7491.0326
8	6	7502.8861
8	7	7516.7125
8	8	7532.5104
8	9	7550.2784
8	10	7570.015
8	11	7591.7182
8	12	7615.3862
8	13	7641.0166
8	14	7668.6072
8	15	7698.1554
8	16	7729.6585
8	17	7763.1135
8	18	7798.5173
8	19	7835.8667
8	20	7875.1582
8	21	7916.3881
8	22	7959.5525
8	23	8004.6473
8	24	8051.6685
8	25	8100.6114
8	26	8151.4714
8	27	8204.2439
8	28	8258.9236
8	29	8315.5054
8	30	8373.9838
8	31	8434.3533
8	32	8496.6079
8	33	8560.7417
8	34	8626.7484
8	35	8694.6216
8	36	8764.3545
8	37	8835.9403
8	38	8909.372
8	39	8984.6421
8	40	9061.7431
8	41	9140.6674
8	42	9221.4068
8	43	9303.9532
8	44	9388.2982
8	45	9474.433
8	46	9562.3487
8	47	9652.0362
8	48	9743.486
8	49	9836.6885
8	50	9931.6338
8	51	10028.3116
8	52	10126.7116
8	53	10226.823
8	54	10328.6349
8	55	10432.1359
8	56	10537.3146
8	57	10644.159
8	58	10752.6571
8	59	10862.7964
8	60	10974.5642
8	61	11087.9473
8	62	11202.9324
8	63	11319.5057
8	64	11437.6532
8	65	11557.3604
8	66	11678.6125
8	67	11801.3943
8	68	11925.6902
8	69	12051.4843
8	70	12178.7602
8	71	12307.5011
8	72	12437.6897
8	73	12569.3082
8	74	12702.3385
8	75	12836.7618
8	76	12972.559
8	77	13109.7102
8	78	13248.1952
8	79	13387.9929
8	80	13529.0819
8	81	13671.4399
8	82	13815.044
8	83	13959.8706
8	84	14105.8953
8	85	14253.0929
8	86	14401.4373
8	87	14550.9015
8	88	14701.4576
8	89	14853.0766
8	90	15005.7283
8	91	15159.3815
8	92	15314.0034
8	93	15469.56
8	94	15626.0159
8	95	15783.3337
9	0	8210.3774
9	1	8212.3088
9	2	8216.1713
9	3	8221.9647
9	4	8229.6883
9	5	8239.3414
9	6	8250.9231
9	7	8264.4322
9	8	8279.8674
9	9	8297.2272
9	10	8316.51
9	11	8337.7138
9	12	8360.8366
9	13	8385.8762
9	14	8412.83
9	15	8441.6954
9	16	8472.4697
9	17	8505.1497
9	18	8539.7322
9	19	8576.2138
9	20	8614.591
9	21	8654.8598
9	22	8697.0164
9	23	8741.0563
9	24	8786.9754
9	25	8834.7688
9	26	8884.4319
9	27	8935.9595
9	28	8989.3465
9	29	9044.5874
9	30	9101.6765
9	31	9160.608
9	32	9221.3758
9	33	9283.9736
9	34	9348.3948
9	35	9414.6327
9	36	9482.6804
9	37	9552.5306
9	38	9624.1759
9	39	9697.6086
9	40	9772.8209
9	41	9849.8046
9	42	9928.5514
9	43	10009.0525
9	44	10091.2991
9	45	10175.2821
9	46	10260.9921
9	47	10348.4194
9	48	10437.554
9	49	10528.3859
9	50	10620.9044
9	51	10715.0989
9	52	10810.9582
9	53	10908.471
9	54	11007.6257
9	55	11108.4102
9	56	11210.8123
9	57	11314.8193
9	58	11420.4184
9	59	11527.5961
9	60	11636.3389
9	61	11746.6327
9	62	11858.4632
9	63	11971.8155
9	64	12086.6745
9	65	12203.0246
9	66	12320.8497
9	67	12440.1334
9	68	12560.8589
9	69	12683.0086
9	70	12806.5647
9	71	12931.5088
9	72	13057.822
9	73	13185.4846
9	74	13314.4768
9	75	13444.7777
9	76	13576.3659
9	77	13709.2196
9	78	13843.3158
9	79	13978.6311
9	80	14115.1412
9	81	14252.821
9	82	14391.6443
9	83	14531.5842
9	84	14672.6126
9	85	14814.7004
9	86	14957.8174
9	87	15101.9318
9	88	15247.0107
9	89	15393.0198
9	90	15539.923
9	91	15687.6824
9	92	15836.2583
10	0	8929.3367
10	1	8931.2212
10	2	8934.9899
10	3	8940.6426
10	4	8948.1786
10	5	8957.5971
10	6	8968.8971
10	7	8982.0776
10	8	8997.137
10	9	9014.074
10	10	9032.8866
10	11	9053.5729
10	12	9076.1309
10	13	9100.558
10	14	9126.8519
10	15	9155.0096
10	16	9185.0283
10	17	9216.9048
10	18	9250.6358
10	19	9286.2176
10	20	9323.6465
10	21	9362.9185
10	22	9404.0294
10	23	9446.9748
10	24	9491.7502
10	25	9538.3506
10	26	9586.771
10	27	9637.0062
10	28	9689.0507
10	29	9742.8987
10	30	9798.5444
10	31	9855.9816
10	32	9915.2038
10	33	9976.2046
10	34	10038.977
10	35	10103.5139
10	36	10169.808
10	37	10237.8518
10	38	10307.6374
10	39	10379.1566
10	40	10452.4013
10	41	10527.3628
10	42	10604.0322
10	43	10682.4004
10	44	10762.458
10	45	10844.1953
10	46	10927.6024
10	47	11012.6689
10	48	11099.3844
10	49	11187.738
10	50	11277.7185
10	51	11369.3143
10	52	11462.5138
10	53	11557.3047
10	54	11653.6746
10	55	11751.6106
10	56	11851.0994
10	57	11952.1276
10	58	12054.6811
10	59	12158.7457
10	60	12264.3064
10	61	12371.3482
10	62	12479.8553
10	63	12589.8118
10	64	12701.2009
10	65	12814.0058
10	66	12928.2088
10	67	13043.7918
10	68	13160.7361
10	69	13279.0227
10	70	13398.6315
10	71	13519.5422
10	72	13641.7335
10	73	13765.1838
10	74	13889.8702
10	75	14015.7696
10	76	14142.8575
10	77	14271.1091
10	78	14400.4981
10	79	14530.9977
10	80	14662.5796
10	81	14795.2146
10	82	14928.8721
10	83	15063.5204
10	84	15199.1261
10	85	15335.6543
10	86	15473.0685
10	87	15611.3302
10	88	15750.3988
11	0	9617.3245
11	1	9619.1603
11	2	9622.8317
11	3	9628.3382
11	4	9635.6794
11	5	9644.8543
11	6	9655.8619
11	7	9668.701
11	8	9683.3702
11	9	9699.8679
11	10	9718.1921
11	11	9738.3409
11	12	9760.312
11	13	9784.1029
11	14	9809.711
11	15	9837.1333
11	16	9866.3667
11	17	9897.408
11	18	9930.2537
11	19	9964.8999
11	20	10001.3426
11	21	10039.5779
11	22	10079.6011
11	23	10121.4077
11	24	10164.9929
11	25	10210.3515
11	26	10257.4783
11	27	10306.3677
11	28	10357.0139
11	29	10409.4109
11	30	10463.5525
11	31	10519.4322
11	32	10577.0431
11	33	10636.3785
11	34	10697.4308
11	35	10760.1928
11	36	10824.6566
11	37	10890.8141
11	38	10958.6571
11	39	11028.177
11	40	11099.3649
11	41	11172.2117
11	42	11246.708
11	43	11322.8439
11	44	11400.6096
11	45	11479.9946
11	46	11560.9882
11	47	11643.5795
11	48	11727.7572
11	49	11813.5096
11	50	11900.8246
11	51	11989.6899
11	52	12080.0928
11	53	12172.02
11	54	12265.4582
11	55	12360.3933
11	56	12456.8109
11	57	12554.6964
11	58	12654.0344
11	59	12754.8093
11	60	12857.0049
11	61	12960.6044
11	62	13065.5906
11	63	13171.9458
11	64	13279.6516
11	65	13388.6891
11	66	13499.0386
11	67	13610.68
11	68	13723.5923
11	69	13837.7539
11	70	13953.1423
11	71	14069.7342
11	72	14187.5055
11	73	14306.4312
11	74	14426.4852
11	75	14547.6404
11	76	14669.8686
11	77	14793.1404
11	78	14917.425
11	79	15042.6903
11	80	15168.9025
11	81	15296.0262
11	82	15424.0243
11	83	15552.8576
11	84	15682.4844
12	0	10273.3407
12	1	10275.1258
12	2	10278.6958
12	3	10284.0502
12	4	10291.1884
12	5	10300.1096
12	6	10310.8126
12	7	10323.2963
12	8	10337.559
12	9	10353.5991
12	10	10371.4145
12	11	10391.0033
12	12	10412.3629
12	13	10435.4908
12	14	10460.3841
12	15	10487.0398
12	16	10515.4547
12	17	10545.6252
12	18	10577.5476
12	19	10611.218
12	20	10646.6321
12	21	10683.7856
12	22	10722.6738
12	23	10763.2918
12	24	10805.6344
12	25	10849.6964
12	26	10895.4719
12	27	10942.9553
12	28	10992.1403
12	29	11043.0206
12	30	11095.5895
12	31	11149.8401
12	32	11205.7653
12	33	11263.3575
12	34	11322.6091
12	35	11383.512
12	36	11446.0581
12	37	11510.2385
12	38	11576.0446
12	39	11643.4671
12	40	11712.4965
12	41	11783.1229
12	42	11855.3364
12	43	11929.1262
12	44	12004.4818
12	45	12081.3918
12	46	12159.8447
12	47	12239.8287
12	48	12321.3315
12	49	12404.3404
12	50	12488.8423
12	51	12574.8238
12	52	12662.2708
12	53	12751.1691
12	54	12841.5038
12	55	12933.2595
12	56	13026.4205
12	57	13120.9704
12	58	13216.8923
12	59	13314.1687
12	60	13412.7817
12	61	13512.7126
12	62	13613.9419
12	63	13716.4498
12	64	13820.2154
12	65	13925.2174
12	66	14031.4333
12	67	14138.8401
12	68	14247.4137
12	69	14357.1289
12	70	14467.9598
12	71	14579.8792
12	72	14692.8587
12	73	14806.8686
12	74	14921.8779
12	75	15037.854
12	76	15154.7627
12	77	15272.5681
12	78	15391.2321
12	79	15510.7146
12	80	15630.9731
13	0	10896.3165
13	1	10898.0486
13	2	10901.5127
13	3	10906.7081
13	4	10913.6343
13	5	10922.2904
13	6	10932.6752
13	7	10944.7873
13	8	10958.6252
13	9	10974.187
13	10	10991.4707
13	11	11010.4739
13	12	11031.1942
13	13	11053.6287
13	14	11077.7746
13	15	11103.6285
13	16	11131.187
13	17	11160.4464
13	18	11191.4027
13	19	11224.0517
13	20	11258.3889
13	21	11294.4097
13	22	11332.109
13	23	11371.4817
13	24	11412.5223
13	25	11455.225
13	26	11499.5839
13	27	11545.5926
13	28	11593.2446
13	29	11642.533
13	30	11693.4508
13	31	11745.9905
13	32	11800.1445
13	33	11855.9047
13	34	11913.2628
13	35	11972.2102
13	36	12032.7379
13	37	12094.8368
13	38	12158.4971
13	39	12223.709
13	40	12290.4621
13	41	12358.7458
13	42	12428.5491
13	43	12499.8606
13	44	12572.6684
13	45	12646.9605
13	46	12722.724
13	47	12799.9461
13	48	12878.6133
13	49	12958.7114
13	50	13040.2263
13	51	13123.1428
13	52	13207.4456
13	53	13293.1186
13	54	13380.1454
13	55	13468.5088
13	56	13558.191
13	57	13649.1737
13	58	13741.4377
13	59	13834.9633
13	60	13929.7299
13	61	14025.7161
13	62	14122.8999
13	63	14221.2581
13	64	14320.7666
13	65	14421.4004
13	66	14523.1333
13	67	14625.938
13	68	14729.7859
13	69	14834.6471
13	70	14940.49
13	71	15047.2816
13	72	15154.9871
13	73	15263.5697
13	74	15372.9905
13	75	15483.2081
13	76	15594.1787
14	0	11485.1011
14	1	11486.7777
14	2	11490.1306
14	3	11495.1593
14	4	11501.8631
14	5	11510.2411
14	6	11520.292
14	7	11532.0144
14	8	11545.4065
14	9	11560.4665
14	10	11577.192
14	11	11595.5807
14	12	11615.6299
14	13	11637.3366
14	14	11660.6975
14	15	11685.7094
14	16	11712.3683
14	17	11740.6704
14	18	11770.6114
14	19	11802.1867
14	20	11835.3917
14	21	11870.2212
14	22	11906.67
14	23	11944.7323
14	24	11984.4023
14	25	12025.6739
14	26	12068.5405
14	27	12112.9954
14	28	12159.0315
14	29	12206.6414
14	30	12255.8174
14	31	12306.5515
14	32	12358.8353
14	33	12412.6602
14	34	12468.017
14	35	12524.8964
14	36	12583.2887
14	37	12643.1838
14	38	12704.5711
14	39	12767.4397
14	40	12831.7784
14	41	12897.5755
14	42	12964.8187
14	43	13033.4955
14	44	13103.593
14	45	13175.0974
14	46	13247.9949
14	47	13322.2708
14	48	13397.9102
14	49	13474.8973
14	50	13553.216
14	51	13632.8494
14	52	13713.7801
14	53	13795.9898
14	54	13879.4599
14	55	13964.1706
14	56	14050.1016
14	57	14137.2316
14	58	14225.5386
14	59	14314.9994
14	60	14405.5899
14	61	14497.2851
14	62	14590.0586
14	63	14683.8828
14	64	14778.7288
14	65	14874.5661
14	66	14971.3629
14	67	15069.0852
14	68	15167.6976
14	69	15267.1621
14	70	15367.4387
14	71	15468.4846
14	72	15570.254
15	0	12038.4447
15	1	12040.0627
15	2	12043.2985
15	3	12048.1515
15	4	12054.621
15	5	12062.706
15	6	12072.405
15	7	12083.7166
15	8	12096.6388
15	9	12111.1697
15	10	12127.3068
15	11	12145.0475
15	12	12164.3888
15	13	12185.3276
15	14	12207.8605
15	15	12231.9836
15	16	12257.6931
15	17	12284.9844
15	18	12313.8531
15	19	12344.2943
15	20	12376.3028
15	21	12409.8731
15	22	12444.9994
15	23	12481.6757
15	24	12519.8954
15	25	12559.652
15	26	12600.9382
15	27	12643.7468
15	28	12688.07
15	29	12733.8998
15	30	12781.2275
15	31	12830.0446
15	32	12880.3418
15	33	12932.1095
15	34	12985.3378
15	35	13040.0163
15	36	13096.1343
15	37	13153.6806
15	38	13212.6434
15	39	13273.0106
15	40	13334.7698
15	41	13397.9077
15	42	13462.4108
15	43	13528.2649
15	44	13595.4554
15	45	13663.9669
15	46	13733.7835
15	47	13804.8888
15	48	13877.2655
15	49	13950.8957
15	50	14025.7607
15	51	14101.841
15	52	14179.1165
15	53	14257.566
15	54	14337.1673
15	55	14417.8972
15	56	14499.7317
15	57	14582.6454
15	58	14666.6117
15	59	14751.6025
15	60	14837.5886
15	61	14924.5389
15	62	15012.4206
15	63	15101.199
15	64	15190.8375
15	65	15281.2968
15	66	15372.5351
15	67	15464.5078
15	68	15557.1666
16	0	12554.9766
16	1	12556.5326
16	2	12559.6444
16	3	12564.3113
16	4	12570.5325
16	5	12578.3069
16	6	12587.6331
16	7	12598.5093
16	8	12610.9336
16	9	12624.9036
16	10	12640.4168
16	11	12657.4702
16	12	12676.0608
16	13	12696.185
16	14	12717.8391
16	15	12741.019
16	16	12765.7202
16	17	12791.9381
16	18	12819.6676
16	19	12848.9034
16	20	12879.6398
16	21	12911.8708
16	22	12945.59
16	23	12980.7907
16	24	13017.4658
16	25	13055.608
16	26	13095.2094
16	27	13136.2618
16	28	13178.7567
16	29	13222.6851
16	30	13268.0377
16	31	13314.8045
16	32	13362.9755
16	33	13412.5399
16	34	13463.4865
16	35	13515.8038
16	36	13569.4795
16	37	13624.5011
16	38	13680.8554
16	39	13738.5285
16	40	13797.5063
16	41	13857.7736
16	42	13919.315
16	43	13982.1141
16	44	14046.1541
16	45	14111.4171
16	46	14177.8847
16	47	14245.5376
16	48	14314.3554
16	49	14384.3171
16	50	14455.4003
16	51	14527.582
16	52	14600.8376
16	53	14675.1414
16	54	14750.4665
16	55	14826.7843
16	56	14904.0646
16	57	14982.2757
16	58	15061.3837
16	59	15141.3526
16	60	15222.1441
16	61	15303.7172
16	62	15386.0278
16	63	15469.0285
17	0	13033.1775
17	1	13034.6674
17	2	13037.6468
17	3	13042.1153
17	4	13048.0718
17	5	13055.515
17	6	13064.4434
17	7	13074.8552
17	8	13086.7481
17	9	13100.1195
17	10	13114.9667
17	11	13131.2865
17	12	13149.0753
17	13	13168.3292
17	14	13189.0443
17	15	13211.2158
17	16	13234.8389
17	17	13259.9084
17	18	13286.4188
17	19	13314.364
17	20	13343.7377
17	21	13374.5333
17	22	13406.7436
17	23	13440.3611
17	24	13475.3779
17	25	13511.7857
17	26	13549.5758
17	27	13588.7389
17	28	13629.2653
17	29	13671.145
17	30	13714.3673
17	31	13758.9211
17	32	13804.7948
17	33	13851.9761
17	34	13900.4522
17	35	13950.2099
17	36	14001.2351
17	37	14053.5132
17	38	14107.0289
17	39	14161.7662
17	40	14217.7083
17	41	14274.8377
17	42	14333.1358
17	43	14392.5835
17	44	14453.1603
17	45	14514.8452
17	46	14577.6155
17	47	14641.4479
17	48	14706.3174
17	49	14772.1978
17	50	14839.0615
17	51	14906.879
17	52	14975.6193
17	53	15045.2492
17	54	15115.7334
17	55	15187.034
17	56	15259.1106
17	57	15331.9194
17	58	15405.4131
18	0	13471.3412
18	1	13472.7601
18	2	13475.5974
18	3	13479.8524
18	4	13485.5243
18	5	13492.6114
18	6	13501.1121
18	7	13511.0243
18	8	13522.3455
18	9	13535.0728
18	10	13549.2031
18	11	13564.7328
18	12	13581.658
18	13	13599.9743
18	14	13619.677
18	15	13640.7611
18	16	13663.2211
18	17	13687.051
18	18	13712.2445
18	19	13738.7949
18	20	13766.6951
18	21	13795.9374
18	22	13826.5136
18	23	13858.4154
18	24	13891.6336
18	25	13926.1587
18	26	13961.9806
18	27	13999.0888
18	28	14037.4721
18	29	14077.1187
18	30	14118.0164
18	31	14160.1522
18	32	14203.5123
18	33	14248.0826
18	34	14293.8479
18	35	14340.7925
18	36	14388.8996
18	37	14438.1518
18	38	14488.5307
18	39	14540.0168
18	40	14592.5898
18	41	14646.2281
18	42	14700.9088
18	43	14756.608
18	44	14813.3002
18	45	14870.9582
18	46	14929.5534
18	47	14989.0551
18	48	15049.4307
18	49	15110.6451
18	50	15172.6609
18	51	15235.4375
18	52	15298.9309
18	53	15363.0936
19	0	13867.5231
19	1	13868.8648
19	2	13871.5477
19	3	13875.571
19	4	13880.9337
19	5	13887.6339
19	6	13895.6699
19	7	13905.0391
19	8	13915.7387
19	9	13927.7655
19	10	13941.1159
19	11	13955.7858
19	12	13971.7705
19	13	13989.0653
19	14	14007.6647
19	15	14027.5628
19	16	14048.7533
19	17	14071.2293
19	18	14094.9836
19	19	14120.0084
19	20	14146.2953
19	21	14173.8354
19	22	14202.6193
19	23	14232.637
19	24	14263.8779
19	25	14296.3307
19	26	14329.9835
19	27	14364.8237
19	28	14400.8381
19	29	14438.0125
19	30	14476.3322
19	31	14515.7814
19	32	14556.3436
19	33	14598.0012
19	34	14640.7357
19	35	14684.5274
19	36	14729.3556
19	37	14775.1981
19	38	14822.0316
19	39	14869.831
19	40	14918.57
19	41	14968.22
19	42	15018.7508
19	43	15070.1298
19	44	15122.322
19	45	15175.2895
19	46	15228.9911
19	47	15283.3822
19	48	15338.4136
20	0	14219.465
20	1	14220.7217
20	2	14223.2347
20	3	14227.003
20	4	14232.0253
20	5	14238.2996
20	6	14245.8237
20	7	14254.5947
20	8	14264.6093
20	9	14275.8637
20	10	14288.3536
20	11	14302.0742
20	12	14317.0202
20	13	14333.1858
20	14	14350.5645
20	15	14369.1494
20	16	14388.933
20	17	14409.9071
20	18	14432.063
20	19	14455.3914
20	20	14479.8822
20	21	14505.5247
20	22	14532.3075
20	23	14560.2183
20	24	14589.2441
20	25	14619.3712
20	26	14650.5848
20	27	14682.8692
20	28	14716.2079
20	29	14750.5829
20	30	14785.9756
20	31	14822.3656
20	32	14859.7316
20	33	14898.0506
20	34	14937.298
20	35	14977.4475
20	36	15018.4708
20	37	15060.3373
20	38	15103.0142
20	39	15146.4657
20	40	15190.6528
20	41	15235.5329
20	42	15281.0588
20	43	15327.1783
21	0	14524.4829
21	1	14525.6445
21	2	14527.9671
21	3	14531.4497
21	4	14536.0904
21	5	14541.8871
21	6	14548.8369
21	7	14556.9365
21	8	14566.1816
21	9	14576.5679
21	10	14588.09
21	11	14600.742
21	12	14614.5174
21	13	14629.4091
21	14	14645.4091
21	15	14662.5088
21	16	14680.6989
21	17	14699.9692
21	18	14720.3088
21	19	14741.7059
21	20	14764.1477
21	21	14787.6205
21	22	14812.1097
21	23	14837.5995
21	24	14864.0728
21	25	14891.5115
21	26	14919.8959
21	27	14949.2049
21	28	14979.4158
21	29	15010.5041
21	30	15042.4432
21	31	15075.2042
21	32	15108.7559
21	33	15143.0639
21	34	15178.0905
21	35	15213.7943
21	36	15250.1288
21	37	15287.042
22	0	14779.2875
22	1	14780.3397
22	2	14782.4434
22	3	14785.5971
22	4	14789.7988
22	5	14795.0454
22	6	14801.3334
22	7	14808.6584
22	8	14817.0153
22	9	14826.398
22	10	14836.7998
22	11	14848.213
22	12	14860.6291
22	13	14874.0388
22	14	14888.4315
22	15	14903.7958
22	16	14920.1193
22	17	14937.3881
22	18	14955.5874
22	19	14974.701
22	20	14994.7109
22	21	15015.5981
22	22	15037.3413
22	23	15059.9175
22	24	15083.3016
22	25	15107.4659
22	26	15132.3799
22	27	15158.0098
22	28	15184.3179
22	29	15211.2621
22	30	15238.7944
22	31	15266.8595
23	0	14979.6673
23	1	14980.5884
23	2	14982.4296
23	3	14985.1888
23	4	14988.8631
23	5	14993.4485
23	6	14998.9397
23	7	15005.3307
23	8	15012.6141
23	9	15020.7814
23	10	15029.8227
23	11	15039.727
23	12	15050.4817
23	13	15062.0729
23	14	15074.4847
23	15	15087.6995
23	16	15101.6978
23	17	15116.4576
23	18	15131.9544
23	19	15148.1606
23	20	15165.0451
23	21	15182.5725
23	22	15200.7018
23	23	15219.3857
23	24	15238.5671
24	0	15119.8466
24	1	15120.5975
24	2	15122.0976
24	3	15124.3434
24	4	15127.3299
24	5	15131.05
24	6	15135.4949
24	7	15140.6534
24	8	15146.5124
24	9	15153.0558
24	10	15160.2649
24	11	15168.1176
24	12	15176.5873
24	13	15185.6427
24	14	15195.2454
24	15	15205.3471
24	16	15215.8834
25	0	15190.7583
25	1	15191.2246
25	2	15192.1502
25	3	15193.5197
25	4	15195.3078
25	5	15197.4754
25	6	15199.963
25	7	15202.6827
25	8	15205.5182
25	9	15208.3563
25	10	15211.1479
25	11	15213.9218
25	12	15216.7347
25	13	15219.633
25	14	15222.646
25	15	15225.7919
25	16	15229.0835
25	17	15232.5477
26	0	15201.3794
26	1	15201.6408
26	2	15202.1643
26	3	15202.9525
26	4	15204.0112
26	5	15205.3537
26	6	15207.0064
26	7	15209.0167
26	8	15211.4528
26	9	15214.372
26	10	15217.7612
26	11	15221.5273
26	12	15225.5542
26	13	15229.7507
26	14	15234.0637
26	15	15238.4747
26	16	15242.9915
26	17	15247.6431
26	18	15252.4955
26	19	15257.7581
26	20	15264.4225
26	21	15273.8305
26	22	15283.88
26	23	15293.2353
26	24	15301.8189
26	25	15310.0201
26	26	15318.2255
27	0	15213.6493
27	1	15213.9526
27	2	15214.5599
27	3	15215.4727
27	4	15216.6937
27	5	15218.2268
27	6	15220.0775
27	7	15222.2538
27	8	15224.7667
27	9	15227.6303
27	10	15230.8615
27	11	15234.476
27	12	15238.4835
27	13	15242.8805
27	14	15247.6469
27	15	15252.7501
27	16	15258.1558
27	17	15263.8409
27	18	15269.8065
27	19	15276.0917
27	20	15282.799
27	21	15290.137
27	22	15298.4517
28	0	15231.2815
28	1	15231.6112
28	2	15232.2713
28	3	15233.2631
28	4	15234.5885
28	5	15236.2503
28	6	15238.2521
28	7	15240.5987
28	8	15243.296
28	9	15246.3514
28	10	15249.7744
28	11	15253.5766
28	12	15257.772
28	13	15262.3775
28	14	15267.4136
28	15	15272.9065
28	16	15278.8929
28	17	15285.4308
29	0	15254.6104
29	1	15254.9777
29	2	15255.714
29	3	15256.8227
29	4	15258.3094
29	5	15260.1823
29	6	15262.4529
29	7	15265.1377
29	8	15268.2601
29	9	15271.8523
29	10	15275.9606
