0	0	665.4729
0	1	668.2874
0	2	673.9163
0	3	682.3593
0	4	693.6159
0	5	707.6855
0	6	724.5673
0	7	744.2605
0	8	766.7639
0	9	792.0763
0	10	820.1964
0	11	851.1226
0	12	884.8532
0	13	921.3864
0	14	960.7202
0	15	1002.8525
0	16	1047.781
0	17	1095.5031
0	18	1146.0164
0	19	1199.3181
0	20	1255.4052
0	21	1314.2747
0	22	1375.9234
0	23	1440.3479
0	24	1507.5447
0	25	1577.5101
0	26	1650.2403
0	27	1725.7313
0	28	1803.9789
0	29	1884.9789
0	30	1968.7269
0	31	2055.2182
0	32	2144.448
0	33	2236.4116
0	34	2331.1038
0	35	2428.5194
0	36	2528.653
0	37	2631.4991
0	38	2737.0521
0	39	2845.3062
0	40	2956.2552
0	41	3069.8931
0	42	3186.2137
0	43	3305.2103
0	44	3426.8766
0	45	3551.2056
0	46	3678.1905
0	47	3807.8242
0	48	3940.0994
0	49	4075.0089
0	50	4212.545
0	51	4352.7001
0	52	4495.4663
0	53	4640.8356
0	54	4788.7999
0	55	4939.3508
0	56	5092.4798
0	57	5248.1784
0	58	5406.4376
0	59	5567.2486
0	60	5730.6023
0	61	5896.4893
0	62	6064.9003
0	63	6235.8257
0	64	6409.2556
0	65	6585.1803
0	66	6763.5896
0	67	6944.4732
0	68	7127.8209
0	69	7313.622
0	70	7501.8659
0	71	7692.5415
0	72	7885.638
0	73	8081.1439
0	74	8279.0481
0	75	8479.3389
0	76	8682.0047
0	77	8887.0334
0	78	9094.4132
0	79	9304.1317
0	80	9516.1765
0	81	9730.5352
0	82	9947.1949
0	83	10166.1427
0	84	10387.3656
0	85	10610.8503
0	86	10836.5833
0	87	11064.551
0	88	11294.7396
0	89	11527.1352
0	90	11761.7234
0	91	11998.4901
0	92	12237.4206
0	93	12478.5003
0	94	12721.7141
0	95	12967.0469
0	96	13214.4836
0	97	13464.0084
0	98	13715.6057
0	99	13969.2597
0	100	14224.9541
0	101	14482.6727
0	102	14742.3988
0	103	15004.1158
0	104	15267.8066
0	105	15533.454
0	106	15801.0407
0	107	16070.549
0	108	16341.9609
0	109	16615.2584
0	110	16890.423
0	111	17167.4362
0	112	17446.2791
0	113	17726.9325
0	114	18009.377
0	115	18293.593
0	116	18579.5606
0	117	18867.2594
0	118	19156.6691
0	119	19447.7686
0	120	19740.537
0	121	20034.9528
0	122	20330.9942
0	123	20628.6391
0	124	20927.865
0	125	21228.6491
0	126	21530.9683
0	127	21834.799
0	128	22140.1172
0	129	22446.8985
0	130	22755.1182
0	131	23064.751
0	132	23375.7711
0	133	23688.1525
0	134	24001.8684
0	135	24316.8916
0	136	24633.1943
0	137	24950.7483
0	138	25269.5245
0	139	25589.4934
0	140	25910.6248
0	141	26232.8877
0	142	26556.2505
0	143	26880.6806
0	144	27206.1448
0	145	27532.609
0	146	27860.0379
0	147	28188.3956
0	148	28517.6447
0	149	28847.747
0	150	29178.663
0	151	29510.3517
0	152	29842.7709
0	153	30175.8768
0	154	30509.6237
0	155	30843.9644
0	156	31178.8496
0	157	31514.2276
0	158	31850.0446
0	159	32186.2438
0	160	32522.7658
0	161	32859.5475
0	162	33196.5222
0	163	33533.6189
0	164	33870.7617
0	165	34207.8691
0	166	34544.853
0	167	34881.6175
0	168	35218.0574
0	169	35554.0563
0	170	35889.4838
0	171	36224.1914
0	172	36558.0073
0	173	36890.7265
0	174	37222.0953
0	175	37551.7819
0	176	37879.3257
0	177	38204.0757
0	178	38525.2217
0	179	38842.1493
0	180	39155.1536
1	0	1976.9438
1	1	1979.7212
1	2	1985.2758
1	3	1993.6074
1	4	2004.7154
1	5	2018.5993
1	6	2035.2582
1	7	2054.6913
1	8	2076.8975
1	9	2101.8755
1	10	2129.624
1	11	2160.1414
1	12	2193.426
1	13	2229.476
1	14	2268.2894
1	15	2309.8639
1	16	2354.1974
1	17	2401.2872
1	18	2451.1309
1	19	2503.7256
1	20	2559.0683
1	21	2617.1561
1	22	2677.9856
1	23	2741.5535
1	24	2807.8563
1	25	2876.8901
1	26	2948.6511
1	27	3023.1354
1	28	3100.3387
1	29	3180.2568
1	30	3262.885
1	31	3348.2189
1	32	3436.2535
1	33	3526.984
1	34	3620.4052
1	35	3716.5119
1	36	3815.2986
1	37	3916.7598
1	38	4020.8896
1	39	4127.6823
1	40	4237.1318
1	41	4349.2318
1	42	4463.976
1	43	4581.3578
1	44	4701.3706
1	45	4824.0076
1	46	4949.2616
1	47	5077.1256
1	48	5207.5922
1	49	5340.654
1	50	5476.3033
1	51	5614.5322
1	52	5755.3329
1	53	5898.6972
1	54	6044.6167
1	55	6193.0831
1	56	6344.0878
1	57	6497.6219
1	58	6653.6765
1	59	6812.2425
1	60	6973.3106
1	61	7136.8714
1	62	7302.9153
1	63	7471.4325
1	64	7642.4131
1	65	7815.8469
1	66	7991.7237
1	67	8170.033
1	68	8350.7643
1	69	8533.9067
1	70	8719.4492
1	71	8907.3808
1	72	9097.6901
1	73	9290.3657
1	74	9485.3959
1	75	9682.7688
1	76	9882.4724
1	77	10084.4946
1	78	10288.8229
1	79	10495.4449
1	80	10704.3477
1	81	10915.5185
1	82	11128.9442
1	83	11344.6113
1	84	11562.5066
1	85	11782.6162
1	86	12004.9263
1	87	12229.4228
1	88	12456.0915
1	89	12684.9179
1	90	12915.8873
1	91	13148.9849
1	92	13384.1955
1	93	13621.504
1	94	13860.8947
1	95	14102.3521
1	96	14345.8601
1	97	14591.4025
1	98	14838.9631
1	99	15088.5252
1	100	15340.072
1	101	15593.5864
1	102	15849.051
1	103	16106.4484
1	104	16365.7607
1	105	16626.9699
1	106	16890.0575
1	107	17155.0051
1	108	17421.7938
1	109	17690.4045
1	110	17960.8177
1	111	18233.0136
1	112	18506.9724
1	113	18782.6737
1	114	19060.0969
1	115	19339.2209
1	116	19620.0247
1	117	19902.4864
1	118	20186.5841
1	119	20472.2955
1	120	20759.5979
1	121	21048.4681
1	122	21338.8827
1	123	21630.8177
1	124	21924.2488
1	125	22219.151
1	126	22515.4993
1	127	22813.2677
1	128	23112.4301
1	129	23412.9595
1	130	23714.8287
1	131	24018.0096
1	132	24322.4738
1	133	24628.192
1	134	24935.1343
1	135	25243.2702
1	136	25552.5684
1	137	25862.9966
1	138	26174.5219
1	139	26487.1105
1	140	26800.7274
1	141	27115.337
1	142	27430.9022
1	143	27747.3849
1	144	28064.7459
1	145	28382.9445
1	146	28701.9384
1	147	29021.684
1	148	29342.1359
1	149	29663.2467
1	150	29984.9672
1	151	30307.2457
1	152	30630.0282
1	153	30953.2577
1	154	31276.8744
1	155	31600.8149
1	156	31925.0119
1	157	32249.3938
1	158	32573.8836
1	159	32898.3987
1	160	33222.8496
1	161	33547.1386
1	162	33871.1583
1	163	34194.7895
1	164	34517.8983
1	165	34840.3323
1	166	35161.9144
1	167	35482.4345
1	168	35801.6335
1	169	36119.1765
1	170	36434.5996
1	171	36747.2253
1	172	37056.0979
1	173	37360.2212
1	174	37659.4256
2	0	3261.7669
2	1	3264.5061
2	2	3269.9843
2	3	3278.2011
2	4	3289.1562
2	5	3302.8489
2	6	3319.2785
2	7	3338.4439
2	8	3360.3442
2	9	3384.978
2	10	3412.3439
2	11	3442.4405
2	12	3475.266
2	13	3510.8185
2	14	3549.096
2	15	3590.0964
2	16	3633.8172
2	17	3680.256
2	18	3729.4102
2	19	3781.2769
2	20	3835.8532
2	21	3893.1359
2	22	3953.1219
2	23	4015.8076
2	24	4081.1894
2	25	4149.2637
2	26	4220.0265
2	27	4293.4737
2	28	4369.6011
2	29	4448.4044
2	30	4529.879
2	31	4614.0202
2	32	4700.8232
2	33	4790.2829
2	34	4882.3942
2	35	4977.1517
2	36	5074.55
2	37	5174.5833
2	38	5277.2459
2	39	5382.5319
2	40	5490.4349
2	41	5600.9489
2	42	5714.0672
2	43	5829.7833
2	44	5948.0904
2	45	6068.9816
2	46	6192.4497
2	47	6318.4874
2	48	6447.0874
2	49	6578.2419
2	50	6711.9433
2	51	6848.1837
2	52	6986.9548
2	53	7128.2484
2	54	7272.0561
2	55	7418.3693
2	56	7567.1792
2	57	7718.4768
2	58	7872.2531
2	59	8028.4987
2	60	8187.2042
2	61	8348.36
2	62	8511.9562
2	63	8677.9828
2	64	8846.4298
2	65	9017.2867
2	66	9190.5431
2	67	9366.1882
2	68	9544.2112
2	69	9724.6011
2	70	9907.3466
2	71	10092.4362
2	72	10279.8585
2	73	10469.6015
2	74	10661.6534
2	75	10856.0019
2	76	11052.6348
2	77	11251.5394
2	78	11452.703
2	79	11656.1126
2	80	11861.7553
2	81	12069.6175
2	82	12279.6858
2	83	12491.9464
2	84	12706.3854
2	85	12922.9887
2	86	13141.7418
2	87	13362.6302
2	88	13585.639
2	89	13810.7534
2	90	14037.9579
2	91	14267.2373
2	92	14498.5757
2	93	14731.9572
2	94	14967.3658
2	95	15204.7849
2	96	15444.198
2	97	15685.588
2	98	15928.938
2	99	16174.2304
2	100	16421.4477
2	101	16670.5718
2	102	16921.5845
2	103	17174.4674
2	104	17429.2016
2	105	17685.7681
2	106	17944.1475
2	107	18204.3201
2	108	18466.2659
2	109	18729.9645
2	110	18995.3953
2	111	19262.5373
2	112	19531.369
2	113	19801.8688
2	114	20074.0146
2	115	20347.7838
2	116	20623.1535
2	117	20900.1003
2	118	21178.6006
2	119	21458.6301
2	120	21740.1641
2	121	22023.1775
2	122	22307.6445
2	123	22593.5389
2	124	22880.834
2	125	23169.5025
2	126	23459.5163
2	127	23750.847
2	128	24043.4651
2	129	24337.3408
2	130	24632.4434
2	131	24928.7413
2	132	25226.2022
2	133	25524.7929
2	134	25824.4793
2	135	26125.2261
2	136	26426.9972
2	137	26729.7552
2	138	27033.4615
2	139	27338.0762
2	140	27643.5578
2	141	27949.8636
2	142	28256.949
2	143	28564.7675
2	144	28873.2708
2	145	29182.4083
2	146	29492.1271
2	147	29802.3714
2	148	30113.0825
2	149	30424.1986
2	150	30735.6539
2	151	31047.3784
2	152	31359.2972
2	153	31671.3299
2	154	31983.3897
2	155	32295.382
2	156	32607.2031
2	157	32918.7387
2	158	33229.8609
2	159	33540.4252
2	160	33850.2658
2	161	34159.1886
2	162	34466.9602
2	163	34773.2898
2	164	35077.7936
2	165	35379.9291
2	166	35678.8873
2	167	35973.5397
2	168	36262.8477
2	169	36546.8223
3	0	4518.9827
3	1	4521.6825
3	2	4527.082
3	3	4535.1808
3	4	4545.9785
3	5	4559.4745
3	6	4575.668
3	7	4594.5579
3	8	4616.1433
3	9	4640.4228
3	10	4667.3951
3	11	4697.0586
3	12	4729.4115
3	13	4764.452
3	14	4802.1779
3	15	4842.5872
3	16	4885.6774
3	17	4931.446
3	18	4979.8903
3	19	5031.0075
3	20	5084.7946
3	21	5141.2485
3	22	5200.3658
3	23	5262.143
3	24	5326.5765
3	25	5393.6625
3	26	5463.3971
3	27	5535.7762
3	28	5610.7953
3	29	5688.4503
3	30	5768.7363
3	31	5851.6487
3	32	5937.1825
3	33	6025.3327
3	34	6116.0939
3	35	6209.4609
3	36	6305.4279
3	37	6403.9894
3	38	6505.1393
3	39	6608.8716
3	40	6715.1801
3	41	6824.0583
3	42	6935.4997
3	43	7049.4976
3	44	7166.045
3	45	7285.135
3	46	7406.7602
3	47	7530.9132
3	48	7657.5865
3	49	7786.7723
3	50	7918.4628
3	51	8052.6497
3	52	8189.3249
3	53	8328.4799
3	54	8470.1061
3	55	8614.1947
3	56	8760.7368
3	57	8909.7231
3	58	9061.1445
3	59	9214.9913
3	60	9371.254
3	61	9529.9226
3	62	9690.9871
3	63	9854.4373
3	64	10020.2628
3	65	10188.4529
3	66	10358.997
3	67	10531.884
3	68	10707.1027
3	69	10884.6418
3	70	11064.4898
3	71	11246.6349
3	72	11431.0652
3	73	11617.7684
3	74	11806.7324
3	75	11997.9445
3	76	12191.392
3	77	12387.062
3	78	12584.9412
3	79	12785.0163
3	80	12987.2737
3	81	13191.6996
3	82	13398.28
3	83	13607.0006
3	84	13817.8469
3	85	14030.8042
3	86	14245.8577
3	87	14462.992
3	88	14682.1919
3	89	14903.4416
3	90	15126.7253
3	91	15352.0267
3	92	15579.3295
3	93	15808.6171
3	94	16039.8724
3	95	16273.0782
3	96	16508.2171
3	97	16745.2712
3	98	16984.2226
3	99	17225.0529
3	100	17467.7433
3	101	17712.275
3	102	17958.6287
3	103	18206.7846
3	104	18456.7229
3	105	18708.4233
3	106	18961.8651
3	107	19217.0272
3	108	19473.8884
3	109	19732.4268
3	110	19992.6201
3	111	20254.4459
3	112	20517.881
3	113	20782.902
3	114	21049.4849
3	115	21317.6053
3	116	21587.2382
3	117	21858.3582
3	118	22130.9393
3	119	22404.9549
3	120	22680.3778
3	121	22957.1803
3	122	23235.3338
3	123	23514.8093
3	124	23795.5768
3	125	24077.6057
3	126	24360.8645
3	127	24645.321
3	128	24930.9419
3	129	25217.693
3	130	25505.5391
3	131	25794.4438
3	132	26084.3697
3	133	26375.2779
3	134	26667.1283
3	135	26959.8793
3	136	27253.4876
3	137	27547.9083
3	138	27843.0945
3	139	28138.9973
3	140	28435.5655
3	141	28732.7454
3	142	29030.4804
3	143	29328.7109
3	144	29627.3739
3	145	29926.4024
3	146	30225.7249
3	147	30525.2649
3	148	30824.94
3	149	31124.661
3	150	31424.3306
3	151	31723.8423
3	152	32023.0777
3	153	32321.9045
3	154	32620.1728
3	155	32917.71
3	156	33214.3135
3	157	33509.7392
3	158	33803.6816
3	159	34095.7367
3	160	34385.3293
3	161	34671.5939
3	162	34953.3127
3	163	35229.3725
3	164	35499.7504
4	0	5747.6202
4	1	5750.2796
4	2	5755.5981
4	3	5763.5755
4	4	5774.2112
4	5	5787.5047
4	6	5803.4552
4	7	5822.0616
4	8	5843.3229
4	9	5867.2379
4	10	5893.8049
4	11	5923.0226
4	12	5954.889
4	13	5989.4024
4	14	6026.5606
4	15	6066.3614
4	16	6108.8023
4	17	6153.8809
4	18	6201.5944
4	19	6251.9399
4	20	6304.9144
4	21	6360.5147
4	22	6418.7374
4	23	6479.579
4	24	6543.0358
4	25	6609.104
4	26	6677.7794
4	27	6749.058
4	28	6822.9355
4	29	6899.4072
4	30	6978.4685
4	31	7060.1146
4	32	7144.3404
4	33	7231.1409
4	34	7320.5106
4	35	7412.4441
4	36	7506.9357
4	37	7603.9795
4	38	7703.5695
4	39	7805.6996
4	40	7910.3634
4	41	8017.5544
4	42	8127.2658
4	43	8239.4909
4	44	8354.2226
4	45	8471.4536
4	46	8591.1766
4	47	8713.3841
4	48	8838.0682
4	49	8965.2212
4	50	9094.8348
4	51	9226.9008
4	52	9361.4109
4	53	9498.3562
4	54	9637.7281
4	55	9779.5176
4	56	9923.7153
4	57	10070.3121
4	58	10219.2983
4	59	10370.6642
4	60	10524.3999
4	61	10680.4952
4	62	10838.9399
4	63	10999.7233
4	64	11162.8349
4	65	11328.2638
4	66	11495.9987
4	67	11666.0285
4	68	11838.3416
4	69	12012.9263
4	70	12189.7708
4	71	12368.8628
4	72	12550.19
4	73	12733.74
4	74	12919.4999
4	75	13107.4567
4	76	13297.5973
4	77	13489.9082
4	78	13684.3757
4	79	13880.986
4	80	14079.7249
4	81	14280.5781
4	82	14483.531
4	83	14688.5688
4	84	14895.6762
4	85	15104.8381
4	86	15316.0387
4	87	15529.2622
4	88	15744.4926
4	89	15961.7132
4	90	16180.9076
4	91	16402.0586
4	92	16625.1491
4	93	16850.1615
4	94	17077.0779
4	95	17305.8802
4	96	17536.5498
4	97	17769.0679
4	98	18003.4155
4	99	18239.573
4	100	18477.5205
4	101	18717.2378
4	102	18958.7044
4	103	19201.8993
4	104	19446.8011
4	105	19693.3881
4	106	19941.6379
4	107	20191.528
4	108	20443.0353
4	109	20696.1362
4	110	20950.8066
4	111	21207.0219
4	112	21464.757
4	113	21723.9863
4	114	21984.6834
4	115	22246.8215
4	116	22510.373
4	117	22775.3099
4	118	23041.6032
4	119	23309.2233
4	120	23578.1397
4	121	23848.3214
4	122	24119.736
4	123	24392.3506
4	124	24666.1312
4	125	24941.0427
4	126	25217.0489
4	127	25494.1123
4	128	25772.1942
4	129	26051.2546
4	130	26331.2519
4	131	26612.1427
4	132	26893.8822
4	133	27176.4233
4	134	27459.7171
4	135	27743.7122
4	136	28028.3546
4	137	28313.5876
4	138	28599.3513
4	139	28885.5823
4	140	29172.213
4	141	29459.1715
4	142	29746.3807
4	143	30033.7574
4	144	30321.2117
4	145	30608.6452
4	146	30895.9502
4	147	31183.0071
4	148	31469.6821
4	149	31755.8233
4	150	32041.2563
4	151	32325.7762
4	152	32609.1365
4	153	32891.0295
4	154	33171.0502
4	155	33448.6244
4	156	33722.884
4	157	33992.5817
4	158	34256.5137
4	159	34514.6039
5	0	6946.6949
5	1	6949.3126
5	2	6954.5477
5	3	6962.4001
5	4	6972.8691
5	5	6985.9542
5	6	7001.6545
5	7	7019.969
5	8	7040.8967
5	9	7064.4363
5	10	7090.5862
5	11	7119.3448
5	12	7150.7104
5	13	7184.681
5	14	7221.2546
5	15	7260.4288
5	16	7302.2011
5	17	7346.5691
5	18	7393.5299
5	19	7443.0806
5	20	7495.2181
5	21	7549.9392
5	22	7607.2404
5	23	7667.1181
5	24	7729.5687
5	25	7794.588
5	26	7862.1722
5	27	7932.3168
5	28	8005.0175
5	29	8080.2697
5	30	8158.0687
5	31	8238.4094
5	32	8321.2869
5	33	8406.6957
5	34	8494.6306
5	35	8585.0858
5	36	8678.0555
5	37	8773.5339
5	38	8871.5148
5	39	8971.9919
5	40	9074.9586
5	41	9180.4083
5	42	9288.3343
5	43	9398.7294
5	44	9511.5865
5	45	9626.8982
5	46	9744.6569
5	47	9864.8549
5	48	9987.4843
5	49	10112.537
5	50	10240.0047
5	51	10369.8788
5	52	10502.1508
5	53	10636.8118
5	54	10773.8528
5	55	10913.2644
5	56	11055.0374
5	57	11199.1619
5	58	11345.6283
5	59	11494.4265
5	60	11645.5463
5	61	11798.9772
5	62	11954.7086
5	63	12112.7298
5	64	12273.0296
5	65	12435.5968
5	66	12600.4199
5	67	12767.4873
5	68	12936.7871
5	69	13108.3071
5	70	13282.035
5	71	13457.9583
5	72	13636.0641
5	73	13816.3394
5	74	13998.771
5	75	14183.3453
5	76	14370.0487
5	77	14558.8671
5	78	14749.7863
5	79	14942.7919
5	80	15137.869
5	81	15335.0027
5	82	15534.1777
5	83	15735.3784
5	84	15938.589
5	85	16143.7935
5	86	16350.9753
5	87	16560.1179
5	88	16771.2042
5	89	16984.2169
5	90	17199.1385
5	91	17415.9509
5	92	17634.6358
5	93	17855.1748
5	94	18077.5487
5	95	18301.7383
5	96	18527.724
5	97	18755.4855
5	98	18985.0025
5	99	19216.254
5	100	19449.2188
5	101	19683.8752
5	102	19920.201
5	103	20158.1735
5	104	20397.7696
5	105	20638.9658
5	106	20881.7378
5	107	21126.061
5	108	21371.9102
5	109	21619.2594
5	110	21868.0824
5	111	22118.3518
5	112	22370.0401
5	113	22623.1186
5	114	22877.5582
5	115	23133.3288
5	116	23390.3995
5	117	23648.7386
5	118	23908.3134
5	119	24169.0901
5	120	24431.0341
5	121	24694.1094
5	122	24958.279
5	123	25223.5043
5	124	25489.7457
5	125	25756.9617
5	126	26025.1094
5	127	26294.1441
5	128	26564.019
5	129	26834.6853
5	130	27106.092
5	131	27378.1852
5	132	27650.9084
5	133	27924.2019
5	134	28198.0023
5	135	28472.2425
5	136	28746.8506
5	137	29021.7496
5	138	29296.8566
5	139	29572.0817
5	140	29847.3269
5	141	30122.4847
5	142	30397.4359
5	143	30672.0471
5	144	30946.1673
5	145	31219.6231
5	146	31492.2114
5	147	31763.6887
5	148	32033.753
5	149	32302.0098
5	150	32567.9055
5	151	32830.6056
5	152	33088.8763
5	153	33341.4103
5	154	33588.0003
6	0	8115.2049
6	1	8117.7797
6	2	8122.929
6	3	8130.6525
6	4	8140.9499
6	5	8153.8203
6	6	8169.2629
6	7	8187.2769
6	8	8207.8609
6	9	8231.0138
6	10	8256.734
6	11	8285.0198
6	12	8315.8695
6	13	8349.281
6	14	8385.2523
6	15	8423.7809
6	16	8464.8644
6	17	8508.5002
6	18	8554.6855
6	19	8603.4172
6	20	8654.6922
6	21	8708.5071
6	22	8764.8585
6	23	8823.7428
6	24	8885.156
6	25	8949.0942
6	26	9015.5532
6	27	9084.5286
6	28	9156.016
6	29	9230.0107
6	30	9306.5077
6	31	9385.502
6	32	9466.9885
6	33	9550.9617
6	34	9637.416
6	35	9726.3458
6	36	9817.7451
6	37	9911.6078
6	38	10007.9276
6	39	10106.6981
6	40	10207.9126
6	41	10311.5642
6	42	10417.6461
6	43	10526.1509
6	44	10637.0714
6	45	10750.3998
6	46	10866.1286
6	47	10984.2497
6	48	11104.755
6	49	11227.6361
6	50	11352.8846
6	51	11480.4917
6	52	11610.4485
6	53	11742.7459
6	54	11877.3746
6	55	12014.325
6	56	12153.5874
6	57	12295.152
6	58	12439.0084
6	59	12585.1465
6	60	12733.5557
6	61	12884.2251
6	62	13037.1438
6	63	13192.3005
6	64	13349.6839
6	65	13509.2822
6	66	13671.0836
6	67	13835.0759
6	68	14001.2468
6	69	14169.5837
6	70	14340.0738
6	71	14512.7039
6	72	14687.4608
6	73	14864.3308
6	74	15043.3002
6	75	15224.3547
6	76	15407.4802
6	77	15592.6618
6	78	15779.8847
6	79	15969.1338
6	80	16160.3934
6	81	16353.648
6	82	16548.8812
6	83	16746.0769
6	84	16945.2183
6	85	17146.2884
6	86	17349.2698
6	87	17554.1449
6	88	17760.8956
6	89	17969.5036
6	90	18179.9501
6	91	18392.2161
6	92	18606.2819
6	93	18822.1278
6	94	19039.7334
6	95	19259.078
6	96	19480.1404
6	97	19702.8991
6	98	19927.3318
6	99	20153.416
6	100	20381.1287
6	101	20610.4463
6	102	20841.3445
6	103	21073.7987
6	104	21307.7836
6	105	21543.2732
6	106	21780.2409
6	107	22018.6595
6	108	22258.5009
6	109	22499.7364
6	110	22742.3365
6	111	22986.2707
6	112	23231.5079
6	113	23478.0158
6	114	23725.7611
6	115	23974.7096
6	116	24224.8259
6	117	24476.0733
6	118	24728.4139
6	119	24981.8083
6	120	25236.2157
6	121	25491.5936
6	122	25747.8977
6	123	26005.0818
6	124	26263.0975
6	125	26521.8942
6	126	26781.4187
6	127	27041.615
6	128	27302.4238
6	129	27563.7825
6	130	27825.6244
6	131	28087.8784
6	132	28350.4682
6	133	28613.3116
6	134	28876.3196
6	135	29139.3955
6	136	29402.4328
6	137	29665.3138
6	138	29927.907
6	139	30190.0637
6	140	30451.6136
6	141	30712.3578
6	142	30972.059
6	143	31230.4246
6	144	31487.0766
6	145	31741.4916
6	146	31992.8861
6	147	32240.0796
6	148	32481.6907
6	149	32717.3512
7	0	9252.1278
7	1	9254.6583
7	2	9259.7191
7	3	9267.3099
7	4	9277.4303
7	5	9290.0794
7	6	9305.2566
7	7	9322.9607
7	8	9343.1906
7	9	9365.9449
7	10	9391.2221
7	11	9419.0206
7	12	9449.3385
7	13	9482.1736
7	14	9517.524
7	15	9555.3871
7	16	9595.7605
7	17	9638.6414
7	18	9684.0269
7	19	9731.914
7	20	9782.2995
7	21	9835.1799
7	22	9890.5518
7	23	9948.4112
7	24	10008.7544
7	25	10071.5772
7	26	10136.8754
7	27	10204.6444
7	28	10274.8797
7	29	10347.5764
7	30	10422.7296
7	31	10500.3342
7	32	10580.3846
7	33	10662.8755
7	34	10747.8011
7	35	10835.1556
7	36	10924.9328
7	37	11017.1264
7	38	11111.7301
7	39	11208.7372
7	40	11308.1408
7	41	11409.934
7	42	11514.1095
7	43	11620.66
7	44	11729.5778
7	45	11840.8551
7	46	11954.484
7	47	12070.4562
7	48	12188.7635
7	49	12309.3971
7	50	12432.3482
7	51	12557.608
7	52	12685.1672
7	53	12815.0163
7	54	12947.1457
7	55	13081.5455
7	56	13218.2058
7	57	13357.1162
7	58	13498.2662
7	59	13641.645
7	60	13787.2418
7	61	13935.0453
7	62	14085.0441
7	63	14237.2265
7	64	14391.5807
7	65	14548.0944
7	66	14706.7554
7	67	14867.5509
7	68	15030.468
7	69	15195.4937
7	70	15362.6144
7	71	15531.8165
7	72	15703.086
7	73	15876.4087
7	74	16051.7701
7	75	16229.1553
7	76	16408.5492
7	77	16589.9364
7	78	16773.3011
7	79	16958.6275
7	80	17145.899
7	81	17335.099
7	82	17526.2104
7	83	17719.216
7	84	17914.0979
7	85	18110.838
7	86	18309.4179
7	87	18509.8186
7	88	18712.021
7	89	18916.0053
7	90	19121.7515
7	91	19329.2389
7	92	19538.4466
7	93	19749.3531
7	94	19961.9364
7	95	20176.1741
7	96	20392.0432
7	97	20609.5201
7	98	20828.5806
7	99	21049.2001
7	100	21271.3532
7	101	21495.014
7	102	21720.1557
7	103	21946.7509
7	104	22174.7715
7	105	22404.1885
7	106	22634.9721
7	107	22867.0917
7	108	23100.5156
7	109	23335.2112
7	110	23571.1448
7	111	23808.2816
7	112	24046.5855
7	113	24286.0192
7	114	24526.544
7	115	24768.1196
7	116	25010.7042
7	117	25254.2542
7	118	25498.7239
7	119	25744.0657
7	120	25990.2298
7	121	26237.1636
7	122	26484.8118
7	123	26733.1162
7	124	26982.0148
7	125	27231.4419
7	126	27481.3274
7	127	27731.5961
7	128	27982.1671
7	129	28232.9529
7	130	28483.858
7	131	28734.7781
7	132	28985.5974
7	133	29236.1872
7	134	29486.4021
7	135	29736.0758
7	136	29985.015
7	137	30232.9899
7	138	30479.7194
7	139	30724.8437
7	140	30967.8716
7	141	31208.0763
7	142	31444.3475
7	143	31675.2842
7	144	31900.2593
8	0	10356.416
8	1	10358.9009
8	2	10363.8704
8	3	10371.3244
8	4	10381.2622
8	5	10393.6831
8	6	10408.5863
8	7	10425.9708
8	8	10445.8354
8	9	10468.1785
8	10	10492.9988
8	11	10520.2945
8	12	10550.0637
8	13	10582.3042
8	14	10617.0139
8	15	10654.1902
8	16	10693.8307
8	17	10735.9325
8	18	10780.4927
8	19	10827.5081
8	20	10876.9754
8	21	10928.8912
8	22	10983.2517
8	23	11040.0531
8	24	11099.2914
8	25	11160.9624
8	26	11225.0617
8	27	11291.5847
8	28	11360.5266
8	29	11431.8826
8	30	11505.6474
8	31	11581.8158
8	32	11660.3822
8	33	11741.3411
8	34	11824.6864
8	35	11910.4122
8	36	11998.5121
8	37	12088.9798
8	38	12181.8085
8	39	12276.9915
8	40	12374.5216
8	41	12474.3917
8	42	12576.5942
8	43	12681.1216
8	44	12787.966
8	45	12897.1194
8	46	13008.5734
8	47	13122.3196
8	48	13238.3494
8	49	13356.6538
8	50	13477.2237
8	51	13600.0497
8	52	13725.1224
8	53	13852.432
8	54	13981.9683
8	55	14113.7213
8	56	14247.6804
8	57	14383.8349
8	58	14522.174
8	59	14662.6863
8	60	14805.3605
8	61	14950.1849
8	62	15097.1476
8	63	15246.2363
8	64	15397.4387
8	65	15550.7421
8	66	15706.1333
8	67	15863.5992
8	68	16023.1263
8	69	16184.7007
8	70	16348.3082
8	71	16513.9346
8	72	16681.565
8	73	16851.1844
8	74	17022.7775
8	75	17196.3286
8	76	17371.8217
8	77	17549.2404
8	78	17728.5681
8	79	17909.7877
8	80	18092.8818
8	81	18277.8326
8	82	18464.6218
8	83	18653.231
8	84	18843.641
8	85	19035.8324
8	86	19229.7854
8	87	19425.4797
8	88	19622.8943
8	89	19822.0081
8	90	20022.7992
8	91	20225.2452
8	92	20429.3234
8	93	20635.0101
8	94	20842.2814
8	95	21051.1126
8	96	21261.4784
8	97	21473.3526
8	98	21686.7087
8	99	21901.5191
8	100	22117.7554
8	101	22335.3887
8	102	22554.3888
8	103	22774.7249
8	104	22996.3649
8	105	23219.2759
8	106	23443.4238
8	107	23668.7733
8	108	23895.2876
8	109	24122.9288
8	110	24351.6575
8	111	24581.4325
8	112	24812.2109
8	113	25043.948
8	114	25276.597
8	115	25510.1088
8	116	25744.4319
8	117	25979.5119
8	118	26215.2915
8	119	26451.7098
8	120	26688.7024
8	121	26926.2002
8	122	27164.1295
8	123	27402.4108
8	124	27640.9583
8	125	27879.6786
8	126	28118.4692
8	127	28357.2172
8	128	28595.7967
8	129	28834.0661
8	130	29071.8638
8	131	29309.0023
8	132	29545.26
8	133	29780.3671
8	134	30013.9818
8	135	30245.6431
8	136	30474.6775
8	137	30700.0522
8	138	30920.3803
8	139	31134.8268
9	0	11426.9924
9	1	11429.4302
9	2	11434.3055
9	3	11441.6181
9	4	11451.3674
9	5	11463.5527
9	6	11478.1731
9	7	11495.2275
9	8	11514.7147
9	9	11536.6333
9	10	11560.9817
9	11	11587.758
9	12	11616.9604
9	13	11648.5867
9	14	11682.6346
9	15	11719.1015
9	16	11757.9848
9	17	11799.2817
9	18	11842.9891
9	19	11889.1037
9	20	11937.6222
9	21	11988.541
9	22	12041.8562
9	23	12097.564
9	24	12155.6601
9	25	12216.1403
9	26	12278.9999
9	27	12344.2344
9	28	12411.8387
9	29	12481.8078
9	30	12554.1363
9	31	12628.8189
9	32	12705.8498
9	33	12785.2231
9	34	12866.9328
9	35	12950.9726
9	36	13037.336
9	37	13126.0164
9	38	13217.0068
9	39	13310.3002
9	40	13405.8892
9	41	13503.7665
9	42	13603.9242
9	43	13706.3544
9	44	13811.049
9	45	13917.9997
9	46	14027.1978
9	47	14138.6345
9	48	14252.3008
9	49	14368.1875
9	50	14486.2851
9	51	14606.5837
9	52	14729.0736
9	53	14853.7444
9	54	14980.5858
9	55	15109.587
9	56	15240.7371
9	57	15374.025
9	58	15509.4391
9	59	15646.9677
9	60	15786.599
9	61	15928.3205
9	62	16072.1198
9	63	16217.9841
9	64	16365.9002
9	65	16515.8549
9	66	16667.8343
9	67	16821.8245
9	68	16977.8112
9	69	17135.7797
9	70	17295.7152
9	71	17457.6023
9	72	17621.4254
9	73	17787.1684
9	74	17954.8152
9	75	18124.349
9	76	18295.7526
9	77	18469.0086
9	78	18644.0991
9	79	18821.0059
9	80	18999.7102
9	81	19180.1928
9	82	19362.4341
9	83	19546.414
9	84	19732.1119
9	85	19919.5067
9	86	20108.5769
9	87	20299.3002
9	88	20491.6538
9	89	20685.6145
9	90	20881.1582
9	91	21078.2604
9	92	21276.8958
9	93	21477.0383
9	94	21678.6612
9	95	21881.7369
9	96	22086.237
9	97	22292.1323
9	98	22499.3926
9	99	22707.9866
9	100	22917.8822
9	101	23129.046
9	102	23341.4434
9	103	23555.0387
9	104	23769.7946
9	105	23985.6725
9	106	24202.6321
9	107	24420.6315
9	108	24639.6268
9	109	24859.572
9	110	25080.4192
9	111	25302.1178
9	112	25524.6145
9	113	25747.853
9	114	25971.7738
9	115	26196.3135
9	116	26421.4047
9	117	26646.9749
9	118	26872.9465
9	119	27099.2354
9	120	27325.7502
9	121	27552.3907
9	122	27779.0469
9	123	28005.5959
9	124	28231.8998
9	125	28457.8018
9	126	28683.1203
9	127	28907.6414
9	128	29131.1061
9	129	29353.1883
9	130	29573.4535
9	131	29791.2739
9	132	30005.6868
9	133	30215.3512
9	134	30419.2702
9	135	30615.0024
10	0	12462.7445
10	1	12465.1336
10	2	12469.9115
10	3	12477.0779
10	4	12486.6323
10	5	12498.5739
10	6	12512.9018
10	7	12529.615
10	8	12548.712
10	9	12570.1915
10	10	12594.0518
10	11	12620.2911
10	12	12648.9073
10	13	12679.8983
10	14	12713.2616
10	15	12748.9947
10	16	12787.0948
10	17	12827.5589
10	18	12870.3839
10	19	12915.5664
10	20	12963.103
10	21	13012.99
10	22	13065.2233
10	23	13119.799
10	24	13176.7126
10	25	13235.9598
10	26	13297.5358
10	27	13361.4358
10	28	13427.6547
10	29	13496.1872
10	30	13567.0277
10	31	13640.1707
10	32	13715.6102
10	33	13793.3402
10	34	13873.3543
10	35	13955.646
10	36	14040.2086
10	37	14127.0352
10	38	14216.1185
10	39	14307.4513
10	40	14401.026
10	41	14496.8347
10	42	14594.8694
10	43	14695.1218
10	44	14797.5834
10	45	14902.2456
10	46	15009.0994
10	47	15118.1355
10	48	15229.3446
10	49	15342.7169
10	50	15458.2426
10	51	15575.9114
10	52	15695.7128
10	53	15817.6363
10	54	15941.6709
10	55	16067.8053
10	56	16196.028
10	57	16326.3272
10	58	16458.691
10	59	16593.1068
10	60	16729.5622
10	61	16868.0441
10	62	17008.5394
10	63	17151.0344
10	64	17295.5152
10	65	17441.9678
10	66	17590.3774
10	67	17740.7293
10	68	17893.0082
10	69	18047.1986
10	70	18203.2844
10	71	18361.2493
10	72	18521.0765
10	73	18682.7491
10	74	18846.2493
10	75	19011.5592
10	76	19178.6604
10	77	19347.5341
10	78	19518.1608
10	79	19690.5207
10	80	19864.5935
10	81	20040.3583
10	82	20217.7936
10	83	20396.8776
10	84	20577.5876
10	85	20759.9003
10	86	20943.792
10	87	21129.2382
10	88	21316.2134
10	89	21504.6919
10	90	21694.6468
10	91	21886.0505
10	92	22078.8745
10	93	22273.0895
10	94	22468.665
10	95	22665.5697
10	96	22863.771
10	97	23063.2353
10	98	23263.9275
10	99	23465.8113
10	100	23668.849
10	101	23873.0013
10	102	24078.2271
10	103	24284.4835
10	104	24491.7257
10	105	24699.9066
10	106	24908.9766
10	107	25118.8838
10	108	25329.573
10	109	25540.9859
10	110	25753.0605
10	111	25965.7308
10	112	26178.9259
10	113	26392.5698
10	114	26606.5803
10	115	26820.8681
10	116	27035.3354
10	117	27249.8747
10	118	27464.3662
10	119	27678.6758
10	120	27892.6509
10	121	28106.1154
10	122	28318.8623
10	123	28530.6419
10	124	28741.1416
10	125	28949.9478
10	126	29156.4685
10	127	29359.7975
10	128	29558.6486
10	129	29751.9573
11	0	13462.5181
11	1	13464.8567
11	2	13469.5337
11	3	13476.5488
11	4	13485.9013
11	5	13497.5906
11	6	13511.6156
11	7	13527.9752
11	8	13546.6682
11	9	13567.6929
11	10	13591.0477
11	11	13616.7306
11	12	13644.7397
11	13	13675.0724
11	14	13707.7265
11	15	13742.6992
11	16	13779.9877
11	17	13819.5888
11	18	13861.4994
11	19	13905.7159
11	20	13952.2347
11	21	14001.052
11	22	14052.1636
11	23	14105.5654
11	24	14161.2528
11	25	14219.2212
11	26	14279.4658
11	27	14341.9814
11	28	14406.7628
11	29	14473.8044
11	30	14543.1006
11	31	14614.6454
11	32	14688.4327
11	33	14764.4562
11	34	14842.7092
11	35	14923.1851
11	36	15005.8766
11	37	15090.7767
11	38	15177.8779
11	39	15267.1724
11	40	15358.6523
11	41	15452.3094
11	42	15548.1354
11	43	15646.1216
11	44	15746.259
11	45	15848.5385
11	46	15952.9508
11	47	16059.4861
11	48	16168.1346
11	49	16278.886
11	50	16391.73
11	51	16506.6557
11	52	16623.6522
11	53	16742.7082
11	54	16863.8121
11	55	16986.9521
11	56	17112.116
11	57	17239.2912
11	58	17368.4651
11	59	17499.6245
11	60	17632.756
11	61	17767.8457
11	62	17904.8797
11	63	18043.8434
11	64	18184.7219
11	65	18327.5002
11	66	18472.1627
11	67	18618.6933
11	68	18767.0757
11	69	18917.2931
11	70	19069.3284
11	71	19223.1638
11	72	19378.7813
11	73	19536.1623
11	74	19695.2878
11	75	19856.1381
11	76	20018.6932
11	77	20182.9324
11	78	20348.8346
11	79	20516.3779
11	80	20685.5399
11	81	20856.2976
11	82	21028.6273
11	83	21202.5044
11	84	21377.9039
11	85	21554.7998
11	86	21733.1652
11	87	21912.9727
11	88	22094.1935
11	89	22276.7981
11	90	22460.7561
11	91	22646.0358
11	92	22832.6043
11	93	23020.4276
11	94	23209.4703
11	95	23399.6956
11	96	23591.065
11	97	23783.5385
11	98	23977.0743
11	99	24171.6285
11	100	24367.1551
11	101	24563.6058
11	102	24760.9295
11	103	24959.0725
11	104	25157.9777
11	105	25357.5845
11	106	25557.8282
11	107	25758.6397
11	108	25959.9444
11	109	26161.662
11	110	26363.7051
11	111	26565.9783
11	112	26768.3765
11	113	26970.7827
11	114	27173.0661
11	115	27375.0779
11	116	27576.6467
11	117	27777.5714
11	118	27977.6097
11	119	28176.4592
11	120	28373.7217
11	121	28568.8294
11	122	28760.9155
11	123	28948.7411
11	124	29131.2492
11	125	29307.9947
12	0	14425.1093
12	1	14427.3956
12	2	14431.9679
12	3	14438.826
12	4	14447.9691
12	5	14459.3965
12	6	14473.1073
12	7	14489.1002
12	8	14507.3738
12	9	14527.9266
12	10	14550.7568
12	11	14575.8624
12	12	14603.2412
12	13	14632.8909
12	14	14664.8088
12	15	14698.9922
12	16	14735.4381
12	17	14774.1432
12	18	14815.1042
12	19	14858.3175
12	20	14903.7793
12	21	14951.4855
12	22	15001.4319
12	23	15053.6141
12	24	15108.0273
12	25	15164.6668
12	26	15223.5274
12	27	15284.6039
12	28	15347.8907
12	29	15413.382
12	30	15481.0719
12	31	15550.9542
12	32	15623.0225
12	33	15697.27
12	34	15773.69
12	35	15852.2753
12	36	15933.0185
12	37	16015.9121
12	38	16100.9481
12	39	16188.1185
12	40	16277.415
12	41	16368.8289
12	42	16462.3514
12	43	16557.9733
12	44	16655.6854
12	45	16755.4778
12	46	16857.3408
12	47	16961.264
12	48	17067.237
12	49	17175.249
12	50	17285.289
12	51	17397.3455
12	52	17511.4069
12	53	17627.4612
12	54	17745.496
12	55	17865.4988
12	56	17987.4564
12	57	18111.3557
12	58	18237.183
12	59	18364.9241
12	60	18494.5647
12	61	18626.0901
12	62	18759.485
12	63	18894.7339
12	64	19031.8208
12	65	19170.7293
12	66	19311.4425
12	67	19453.9432
12	68	19598.2135
12	69	19744.2352
12	70	19891.9895
12	71	20041.4572
12	72	20192.6184
12	73	20345.4527
12	74	20499.9392
12	75	20656.0562
12	76	20813.7815
12	77	20973.0922
12	78	21133.9648
12	79	21296.3748
12	80	21460.2972
12	81	21625.706
12	82	21792.5744
12	83	21960.8748
12	84	22130.5785
12	85	22301.6558
12	86	22474.076
12	87	22647.8072
12	88	22822.8162
12	89	22999.0686
12	90	23176.5284
12	91	23355.1583
12	92	23534.9193
12	93	23715.7704
12	94	23897.6689
12	95	24080.5698
12	96	24264.426
12	97	24449.1876
12	98	24634.802
12	99	24821.2133
12	100	25008.3624
12	101	25196.1858
12	102	25384.6159
12	103	25573.5799
12	104	25762.9989
12	105	25952.7875
12	106	26142.8522
12	107	26333.0901
12	108	26523.3867
12	109	26713.6139
12	110	26903.6261
12	111	27093.2555
12	112	27282.3054
12	113	27470.5387
12	114	27657.6598
12	115	27843.2788
12	116	28026.8398
12	117	28207.4948
12	118	28384.0418
12	119	28555.5064
12	120	28721.2683
13	0	15349.2562
13	1	15351.4881
13	2	15355.9516
13	3	15362.6464
13	4	15371.5718
13	5	15382.727
13	6	15396.111
13	7	15411.7226
13	8	15429.5602
13	9	15449.6222
13	10	15471.9069
13	11	15496.412
13	12	15523.1354
13	13	15552.0744
13	14	15583.2265
13	15	15616.5887
13	16	15652.1579
13	17	15689.9307
13	18	15729.9036
13	19	15772.0727
13	20	15816.4341
13	21	15862.9836
13	22	15911.7167
13	23	15962.6288
13	24	16015.715
13	25	16070.9701
13	26	16128.3889
13	27	16187.9656
13	28	16249.6947
13	29	16313.5699
13	30	16379.585
13	31	16447.7335
13	32	16518.0086
13	33	16590.4033
13	34	16664.9103
13	35	16741.5222
13	36	16820.2311
13	37	16901.029
13	38	16983.9077
13	39	17068.8585
13	40	17155.8727
13	41	17244.941
13	42	17336.0542
13	43	17429.2026
13	44	17524.3761
13	45	17621.5645
13	46	17720.7573
13	47	17821.9436
13	48	17925.1122
13	49	18030.2516
13	50	18137.35
13	51	18246.3951
13	52	18357.3746
13	53	18470.2755
13	54	18585.0845
13	55	18701.7882
13	56	18820.3726
13	57	18940.8232
13	58	19063.1253
13	59	19187.2638
13	60	19313.2231
13	61	19440.9871
13	62	19570.5393
13	63	19701.8629
13	64	19834.9402
13	65	19969.7535
13	66	20106.2842
13	67	20244.5133
13	68	20384.4213
13	69	20525.9881
13	70	20669.1928
13	71	20814.0141
13	72	20960.4299
13	73	21108.4175
13	74	21257.9533
13	75	21409.0132
13	76	21561.5721
13	77	21715.604
13	78	21871.0821
13	79	22027.9787
13	80	22186.265
13	81	22345.9112
13	82	22506.8862
13	83	22669.1579
13	84	22832.6927
13	85	22997.4557
13	86	23163.4105
13	87	23330.5191
13	88	23498.7415
13	89	23668.036
13	90	23838.3588
13	91	24009.6636
13	92	24181.902
13	93	24355.0222
13	94	24528.9698
13	95	24703.6867
13	96	24879.1108
13	97	25055.1759
13	98	25231.8104
13	99	25408.9372
13	100	25586.4724
13	101	25764.324
13	102	25942.3909
13	103	26120.5607
13	104	26298.7074
13	105	26476.6874
13	106	26654.3356
13	107	26831.4576
13	108	27007.819
13	109	27183.1263
13	110	27356.9905
13	111	27528.8522
13	112	27697.8584
13	113	27862.8378
13	114	28022.9621
14	0	16233.6279
14	1	16235.8031
14	2	16240.1532
14	3	16246.6778
14	4	16255.3763
14	5	16266.2478
14	6	16279.2912
14	7	16294.5052
14	8	16311.8883
14	9	16331.4387
14	10	16353.1546
14	11	16377.0336
14	12	16403.0735
14	13	16431.2715
14	14	16461.6249
14	15	16494.1306
14	16	16528.7852
14	17	16565.5853
14	18	16604.527
14	19	16645.6065
14	20	16688.8195
14	21	16734.1615
14	22	16781.6279
14	23	16831.2138
14	24	16882.9139
14	25	16936.723
14	26	16992.6352
14	27	17050.6448
14	28	17110.7456
14	29	17172.9312
14	30	17237.195
14	31	17303.53
14	32	17371.9291
14	33	17442.3847
14	34	17514.8893
14	35	17589.4349
14	36	17666.0131
14	37	17744.6154
14	38	17825.233
14	39	17907.8568
14	40	17992.4773
14	41	18079.0848
14	42	18167.6694
14	43	18258.2206
14	44	18350.7277
14	45	18445.1798
14	46	18541.5656
14	47	18639.8733
14	48	18740.091
14	49	18842.2062
14	50	18946.2062
14	51	19052.0778
14	52	19159.8076
14	53	19269.3816
14	54	19380.7854
14	55	19494.0043
14	56	19609.0231
14	57	19725.8261
14	58	19844.3973
14	59	19964.72
14	60	20086.7771
14	61	20210.551
14	62	20336.0235
14	63	20463.1759
14	64	20591.989
14	65	20722.4428
14	66	20854.5167
14	67	20988.1896
14	68	21123.4396
14	69	21260.244
14	70	21398.5795
14	71	21538.4219
14	72	21679.7461
14	73	21822.5262
14	74	21966.7354
14	75	22112.3457
14	76	22259.3283
14	77	22407.653
14	78	22557.2886
14	79	22708.2025
14	80	22860.3607
14	81	23013.7277
14	82	23168.2664
14	83	23323.938
14	84	23480.7017
14	85	23638.5147
14	86	23797.3319
14	87	23957.1056
14	88	24117.7853
14	89	24279.3178
14	90	24441.6458
14	91	24604.7088
14	92	24768.4413
14	93	24932.7732
14	94	25097.6286
14	95	25262.9246
14	96	25428.5709
14	97	25594.4674
14	98	25760.5031
14	99	25926.5529
14	100	26092.4747
14	101	26258.104
14	102	26423.2467
14	103	26587.6676
14	104	26751.0698
14	105	26913.0544
14	106	27073.0399
14	107	27230.1425
14	108	27383.2318
15	0	17076.8119
15	1	17078.9278
15	2	17083.1593
15	3	17089.5061
15	4	17097.9674
15	5	17108.5422
15	6	17121.2296
15	7	17136.028
15	8	17152.9358
15	9	17171.9513
15	10	17193.0724
15	11	17216.2967
15	12	17241.6217
15	13	17269.0447
15	14	17298.5625
15	15	17330.1721
15	16	17363.8698
15	17	17399.6519
15	18	17437.5145
15	19	17477.4533
15	20	17519.4639
15	21	17563.5415
15	22	17609.6812
15	23	17657.8778
15	24	17708.1257
15	25	17760.4192
15	26	17814.7523
15	27	17871.1187
15	28	17929.5119
15	29	17989.9251
15	30	18052.3512
15	31	18116.7827
15	32	18183.212
15	33	18251.6313
15	34	18322.0321
15	35	18394.406
15	36	18468.7442
15	37	18545.0374
15	38	18623.2762
15	39	18703.4507
15	40	18785.5509
15	41	18869.5662
15	42	18955.4858
15	43	19043.2987
15	44	19132.9931
15	45	19224.5573
15	46	19317.979
15	47	19413.2454
15	48	19510.3435
15	49	19609.2598
15	50	19709.9804
15	51	19812.491
15	52	19916.7767
15	53	20022.8224
15	54	20130.6121
15	55	20240.1298
15	56	20351.3585
15	57	20464.2811
15	58	20578.8796
15	59	20695.1357
15	60	20813.0302
15	61	20932.5435
15	62	21053.6553
15	63	21176.3445
15	64	21300.5893
15	65	21426.3673
15	66	21553.6552
15	67	21682.4287
15	68	21812.6629
15	69	21944.3318
15	70	22077.4083
15	71	22211.8644
15	72	22347.671
15	73	22484.7977
15	74	22623.2128
15	75	22762.8832
15	76	22903.7743
15	77	23045.8501
15	78	23189.0726
15	79	23333.402
15	80	23478.7964
15	81	23625.2115
15	82	23772.6009
15	83	23920.9149
15	84	24070.1011
15	85	24220.1034
15	86	24370.8621
15	87	24522.3127
15	88	24674.3861
15	89	24827.0071
15	90	24980.0939
15	91	25133.5566
15	92	25287.296
15	93	25441.2014
15	94	25595.1479
15	95	25748.9929
15	96	25902.5706
15	97	26055.6844
15	98	26208.0935
15	99	26359.4895
15	100	26509.4484
15	101	26657.3397
15	102	26802.227
15	103	26943.0951
15	104	27079.8652
16	0	17877.2982
16	1	17879.3519
16	2	17883.4592
16	3	17889.6194
16	4	17897.8318
16	5	17908.0956
16	6	17920.4094
16	7	17934.7718
16	8	17951.1812
16	9	17969.6354
16	10	17990.1324
16	11	18012.6696
16	12	18037.2444
16	13	18063.8538
16	14	18092.4945
16	15	18123.1632
16	16	18155.856
16	17	18190.5691
16	18	18227.2981
16	19	18266.0385
16	20	18306.7856
16	21	18349.5343
16	22	18394.2792
16	23	18441.0149
16	24	18489.7353
16	25	18540.4344
16	26	18593.1058
16	27	18647.7426
16	28	18704.3378
16	29	18762.8841
16	30	18823.3739
16	31	18885.7993
16	32	18950.1519
16	33	19016.4232
16	34	19084.6043
16	35	19154.6859
16	36	19226.6585
16	37	19300.5122
16	38	19376.2366
16	39	19453.8211
16	40	19533.2547
16	41	19614.526
16	42	19697.6232
16	43	19782.5341
16	44	19869.2461
16	45	19957.7461
16	46	20048.0207
16	47	20140.056
16	48	20233.8375
16	49	20329.3503
16	50	20426.5792
16	51	20525.5082
16	52	20626.1208
16	53	20728.4001
16	54	20832.3285
16	55	20937.8878
16	56	21045.0592
16	57	21153.8233
16	58	21264.1598
16	59	21376.048
16	60	21489.4661
16	61	21604.3917
16	62	21720.8015
16	63	21838.6715
16	64	21957.9763
16	65	22078.69
16	66	22200.7854
16	67	22324.2341
16	68	22449.0068
16	69	22575.0724
16	70	22702.399
16	71	22830.9527
16	72	22960.6984
16	73	23091.5989
16	74	23223.6153
16	75	23356.7066
16	76	23490.8294
16	77	23625.9379
16	78	23761.9834
16	79	23898.9142
16	80	24036.6751
16	81	24175.2069
16	82	24314.4459
16	83	24454.3235
16	84	24594.7648
16	85	24735.6885
16	86	24877.0046
16	87	25018.6138
16	88	25160.4046
16	89	25302.2508
16	90	25444.0073
16	91	25585.5043
16	92	25726.5383
16	93	25866.8559
16	94	26006.124
16	95	26143.8691
16	96	26279.3759
16	97	26411.6684
16	98	26540.0465
17	0	18633.4605
17	1	18635.4488
17	2	18639.4251
17	3	18645.3888
17	4	18653.3393
17	5	18663.2754
17	6	18675.1959
17	7	18689.0991
17	8	18704.9833
17	9	18722.8463
17	10	18742.6857
17	11	18764.499
17	12	18788.2832
17	13	18814.0351
17	14	18841.7512
17	15	18871.4279
17	16	18903.0612
17	17	18936.6466
17	18	18972.1797
17	19	19009.6556
17	20	19049.0692
17	21	19090.4149
17	22	19133.6871
17	23	19178.8797
17	24	19225.9864
17	25	19275.0004
17	26	19325.9148
17	27	19378.7224
17	28	19433.4154
17	29	19489.9859
17	30	19548.4257
17	31	19608.726
17	32	19670.8779
17	33	19734.8721
17	34	19800.6988
17	35	19868.3479
17	36	19937.8089
17	37	20009.071
17	38	20082.1228
17	39	20156.9527
17	40	20233.5485
17	41	20311.8977
17	42	20391.9871
17	43	20473.8034
17	44	20557.3326
17	45	20642.5601
17	46	20729.4709
17	47	20818.0494
17	48	20908.2797
17	49	21000.145
17	50	21093.6279
17	51	21188.7105
17	52	21285.3744
17	53	21383.6001
17	54	21483.3676
17	55	21584.6562
17	56	21687.4444
17	57	21791.7096
17	58	21897.4286
17	59	22004.5771
17	60	22113.1298
17	61	22223.0605
17	62	22334.3417
17	63	22446.9447
17	64	22560.8395
17	65	22675.9947
17	66	22792.3776
17	67	22909.9535
17	68	23028.6863
17	69	23148.5376
17	70	23269.4673
17	71	23391.4326
17	72	23514.3885
17	73	23638.2867
17	74	23763.0763
17	75	23888.7024
17	76	24015.1061
17	77	24142.2242
17	78	24269.9879
17	79	24398.3225
17	80	24527.1458
17	81	24656.3674
17	82	24785.8863
17	83	24915.5889
17	84	25045.3454
17	85	25175.0056
17	86	25304.3913
17	87	25433.2852
17	88	25561.4091
17	89	25688.3818
17	90	25813.6385
17	91	25936.3534
17	92	26055.6665
17	93	26171.5853
18	0	19343.5315
18	1	19345.4505
18	2	19349.2883
18	3	19355.0442
18	4	19362.7175
18	5	19372.3069
18	6	19383.8111
18	7	19397.2284
18	8	19412.5567
18	9	19429.7939
18	10	19448.9372
18	11	19469.984
18	12	19492.9309
18	13	19517.7746
18	14	19544.5113
18	15	19573.1369
18	16	19603.6471
18	17	19636.0373
18	18	19670.3024
18	19	19706.4371
18	20	19744.4359
18	21	19784.2928
18	22	19826.0015
18	23	19869.5554
18	24	19914.9476
18	25	19962.1708
18	26	20011.2174
18	27	20062.0793
18	28	20114.7482
18	29	20169.2153
18	30	20225.4715
18	31	20283.5073
18	32	20343.3128
18	33	20404.8776
18	34	20468.191
18	35	20533.2418
18	36	20600.0184
18	37	20668.5086
18	38	20738.6998
18	39	20810.5791
18	40	20884.1328
18	41	20959.3469
18	42	21036.2066
18	43	21114.6969
18	44	21194.8018
18	45	21276.5051
18	46	21359.7896
18	47	21444.6376
18	48	21531.0307
18	49	21618.9498
18	50	21708.3749
18	51	21799.2854
18	52	21891.6596
18	53	21985.4752
18	54	22080.7086
18	55	22177.3355
18	56	22275.3302
18	57	22374.6663
18	58	22475.3157
18	59	22577.2492
18	60	22680.4363
18	61	22784.8448
18	62	22890.4408
18	63	22997.1888
18	64	23105.0512
18	65	23213.9882
18	66	23323.9577
18	67	23434.915
18	68	23546.8124
18	69	23659.599
18	70	23773.22
18	71	23887.6166
18	72	24002.7252
18	73	24118.4765
18	74	24234.7948
18	75	24351.5965
18	76	24468.789
18	77	24586.2682
18	78	24703.9159
18	79	24821.596
18	80	24939.1482
18	81	25056.3789
18	82	25173.0441
18	83	25288.8165
18	84	25403.2201
18	85	25515.5495
18	86	25624.9735
18	87	25731.2444
19	0	20005.5719
19	1	20007.4172
19	2	20011.1076
19	3	20016.6424
19	4	20024.0206
19	5	20033.2412
19	6	20044.3024
19	7	20057.2024
19	8	20071.9391
19	9	20088.5099
19	10	20106.912
19	11	20127.1424
19	12	20149.1975
19	13	20173.0735
19	14	20198.7663
19	15	20226.2715
19	16	20255.5843
19	17	20286.6996
19	18	20319.6118
19	19	20354.3151
19	20	20390.8034
19	21	20429.07
19	22	20469.1081
19	23	20510.9104
19	24	20554.4691
19	25	20599.7761
19	26	20646.8231
19	27	20695.6011
19	28	20746.1007
19	29	20798.3123
19	30	20852.2256
19	31	20907.83
19	32	20965.1144
19	33	21024.0671
19	34	21084.6761
19	35	21146.9287
19	36	21210.8119
19	37	21276.3118
19	38	21343.4142
19	39	21412.1043
19	40	21482.3664
19	41	21554.1846
19	42	21627.542
19	43	21702.4209
19	44	21778.8033
19	45	21856.67
19	46	21936.0011
19	47	22016.7759
19	48	22098.9727
19	49	22182.569
19	50	22267.5411
19	51	22353.8641
19	52	22441.5123
19	53	22530.4584
19	54	22620.6739
19	55	22712.1288
19	56	22804.7916
19	57	22898.629
19	58	22993.6059
19	59	23089.6852
19	60	23186.8274
19	61	23284.9908
19	62	23384.1307
19	63	23484.1995
19	64	23585.146
19	65	23686.9152
19	66	23789.4475
19	67	23892.6783
19	68	23996.5368
19	69	24100.945
19	70	24205.8167
19	71	24311.055
19	72	24416.55
19	73	24522.1756
19	74	24627.7836
19	75	24733.1954
19	76	24838.1872
19	77	24942.4601
19	78	25045.5826
19	79	25146.9175
19	80	25245.7112
19	81	25341.719
20	0	20617.4293
20	1	20619.1958
20	2	20622.7282
20	3	20628.0261
20	4	20635.0883
20	5	20643.9135
20	6	20654.5
20	7	20666.8456
20	8	20680.948
20	9	20696.8044
20	10	20714.4117
20	11	20733.7663
20	12	20754.8645
20	13	20777.702
20	14	20802.2742
20	15	20828.5762
20	16	20856.6026
20	17	20886.3477
20	18	20917.8054
20	19	20950.9691
20	20	20985.8319
20	21	21022.3865
20	22	21060.6251
20	23	21100.5394
20	24	21142.1209
20	25	21185.3603
20	26	21230.2481
20	27	21276.7743
20	28	21324.9283
20	29	21374.699
20	30	21426.0747
20	31	21479.0434
20	32	21533.5923
20	33	21589.7081
20	34	21647.3769
20	35	21706.5841
20	36	21767.3146
20	37	21829.5523
20	38	21893.2807
20	39	21958.4824
20	40	22025.1392
20	41	22093.232
20	42	22162.741
20	43	22233.6452
20	44	22305.9228
20	45	22379.5509
20	46	22454.5055
20	47	22530.7612
20	48	22608.2916
20	49	22687.0686
20	50	22767.0629
20	51	22848.2434
20	52	22930.5771
20	53	23014.0293
20	54	23098.563
20	55	23184.1389
20	56	23270.7151
20	57	23358.2466
20	58	23446.6854
20	59	23535.9795
20	60	23626.0728
20	61	23716.9041
20	62	23808.4066
20	63	23900.5067
20	64	23993.1225
20	65	24086.1622
20	66	24179.5217
20	67	24273.081
20	68	24366.6987
20	69	24460.2041
20	70	24553.381
20	71	24645.9377
20	72	24737.4487
20	73	24827.3025
20	74	24914.8586
20	75	25000.0924
21	0	21176.6837
21	1	21178.3648
21	2	21181.7267
21	3	21186.7686
21	4	21193.4892
21	5	21201.8871
21	6	21211.9604
21	7	21223.7066
21	8	21237.1231
21	9	21252.2067
21	10	21268.9539
21	11	21287.3608
21	12	21307.423
21	13	21329.1357
21	14	21352.4938
21	15	21377.4915
21	16	21404.1229
21	17	21432.3815
21	18	21462.2602
21	19	21493.7516
21	20	21526.8478
21	21	21561.5404
21	22	21597.8205
21	23	21635.6786
21	24	21675.1049
21	25	21716.0887
21	26	21758.619
21	27	21802.6841
21	28	21848.2718
21	29	21895.3691
21	30	21943.9626
21	31	21994.0379
21	32	22045.58
21	33	22098.5733
21	34	22153.0013
21	35	22208.8466
21	36	22266.0911
21	37	22324.7155
21	38	22384.6999
21	39	22446.023
21	40	22508.6627
21	41	22572.5955
21	42	22637.7967
21	43	22704.2403
21	44	22771.8988
21	45	22840.7431
21	46	22910.7423
21	47	22981.8638
21	48	23054.0726
21	49	23127.3318
21	50	23201.6016
21	51	23276.8394
21	52	23352.9996
21	53	23430.0328
21	54	23507.8854
21	55	23586.4988
21	56	23665.8091
21	57	23745.7454
21	58	23826.2288
21	59	23907.1702
21	60	23988.4683
21	61	24070.0051
21	62	24151.6409
21	63	24233.2034
21	64	24314.4697
21	65	24395.1273
21	66	24474.7178
21	67	24552.6488
21	68	24628.5405
21	69	24702.6865
22	0	21680.5701
22	1	21682.158
22	2	21685.3335
22	3	21690.0957
22	4	21696.4432
22	5	21704.3741
22	6	21713.8864
22	7	21724.9773
22	8	21737.6437
22	9	21751.882
22	10	21767.688
22	11	21785.0573
22	12	21803.9848
22	13	21824.4649
22	14	21846.4917
22	15	21870.0587
22	16	21895.1587
22	17	21921.7843
22	18	21949.9271
22	19	21979.5786
22	20	22010.7295
22	21	22043.3699
22	22	22077.4893
22	23	22113.0765
22	24	22150.1198
22	25	22188.6066
22	26	22228.5238
22	27	22269.8574
22	28	22312.5926
22	29	22356.7139
22	30	22402.2048
22	31	22449.0479
22	32	22497.2249
22	33	22546.7165
22	34	22597.5021
22	35	22649.5601
22	36	22702.8677
22	37	22757.4006
22	38	22813.1331
22	39	22870.038
22	40	22928.0861
22	41	22987.2467
22	42	23047.4867
22	43	23108.771
22	44	23171.0617
22	45	23234.3181
22	46	23298.4964
22	47	23363.5489
22	48	23429.4237
22	49	23496.0641
22	50	23563.4073
22	51	23631.3837
22	52	23699.9151
22	53	23768.9126
22	54	23838.2735
22	55	23907.8767
22	56	23977.575
22	57	24047.1802
22	58	24116.4333
22	59	24184.9574
22	60	24252.2499
22	61	24317.9196
22	62	24382.1909
23	0	22125.868
23	1	22127.3528
23	2	22130.3218
23	3	22134.7739
23	4	22140.7077
23	5	22148.121
23	6	22157.0112
23	7	22167.375
23	8	22179.2088
23	9	22192.5083
23	10	22207.2687
23	11	22223.4844
23	12	22241.1497
23	13	22260.2577
23	14	22280.8015
23	15	22302.773
23	16	22326.1639
23	17	22350.965
23	18	22377.1665
23	19	22404.7578
23	20	22433.7276
23	21	22464.0639
23	22	22495.7538
23	23	22528.7836
23	24	22563.1388
23	25	22598.8036
23	26	22635.7618
23	27	22673.9956
23	28	22713.4864
23	29	22754.2144
23	30	22796.1583
23	31	22839.2957
23	32	22883.6025
23	33	22929.0532
23	34	22975.6204
23	35	23023.2748
23	36	23071.9849
23	37	23121.7171
23	38	23172.4347
23	39	23224.0985
23	40	23276.6656
23	41	23330.0893
23	42	23384.3183
23	43	23439.2959
23	44	23494.9591
23	45	23551.2369
23	46	23608.0486
23	47	23665.3007
23	48	23722.8825
23	49	23780.6584
23	50	23838.4531
23	51	23896.0221
23	52	23953.0122
23	53	24008.9935
23	54	24063.7401
23	55	24117.5643
24	0	22508.7328
24	1	22510.1009
24	2	22512.8364
24	3	22516.9382
24	4	22522.4041
24	5	22529.2317
24	6	22537.4177
24	7	22546.9582
24	8	22557.8486
24	9	22570.0836
24	10	22583.6572
24	11	22598.5628
24	12	22614.7927
24	13	22632.3389
24	14	22651.1923
24	15	22671.343
24	16	22692.7804
24	17	22715.4928
24	18	22739.4677
24	19	22764.6916
24	20	22791.1501
24	21	22818.8273
24	22	22847.7065
24	23	22877.7697
24	24	22908.9974
24	25	22941.3688
24	26	22974.8615
24	27	23009.4515
24	28	23045.1126
24	29	23081.817
24	30	23119.5343
24	31	23158.2317
24	32	23197.8734
24	33	23238.4204
24	34	23279.8298
24	35	23322.0543
24	36	23365.0413
24	37	23408.7319
24	38	23453.0591
24	39	23497.946
24	40	23543.3021
24	41	23589.0181
24	42	23634.9549
24	43	23680.9225
24	44	23726.6473
24	45	23771.7814
24	46	23816.0888
24	47	23859.7819
25	0	22824.4192
25	1	22825.6516
25	2	22828.1154
25	3	22831.809
25	4	22836.7299
25	5	22842.8747
25	6	22850.2392
25	7	22858.8183
25	8	22868.6058
25	9	22879.5948
25	10	22891.7775
25	11	22905.1447
25	12	22919.6867
25	13	22935.3922
25	14	22952.2491
25	15	22970.244
25	16	22989.3621
25	17	23009.5874
25	18	23030.9023
25	19	23053.2876
25	20	23076.7224
25	21	23101.184
25	22	23126.6475
25	23	23153.0856
25	24	23180.4683
25	25	23208.763
25	26	23237.9331
25	27	23267.9383
25	28	23298.7335
25	29	23330.2677
25	30	23362.4825
25	31	23395.3104
25	32	23428.671
25	33	23462.4655
25	34	23496.564
25	35	23530.7824
25	36	23564.8665
25	37	23598.5687
25	38	23631.8847
25	39	23665.0835
26	0	23066.7825
26	1	23067.8489
26	2	23069.9805
26	3	23073.1749
26	4	23077.4283
26	5	23082.736
26	6	23089.0916
26	7	23096.4875
26	8	23104.9149
26	9	23114.3632
26	10	23124.8205
26	11	23136.2732
26	12	23148.7057
26	13	23162.1007
26	14	23176.4386
26	15	23191.6975
26	16	23207.8528
26	17	23224.8768
26	18	23242.7384
26	19	23261.4021
26	20	23280.8273
26	21	23300.9672
26	22	23321.7666
26	23	23343.1585
26	24	23365.0585
26	25	23387.3493
26	26	23409.8615
26	27	23432.4005
26	28	23454.8918
26	29	23477.5376
27	0	23227.2083
27	1	23228.0502
27	2	23229.7317
27	3	23232.2482
27	4	23235.5927
27	5	23239.7554
27	6	23244.7239
27	7	23250.4828
27	8	23257.0131
27	9	23264.2917
27	10	23272.2906
27	11	23280.9756
27	12	23290.3036
27	13	23300.2187
27	14	23310.6388
27	15	23321.4341
27	16	23332.5045
27	17	23343.9268
27	18	23355.9249
28	0	23291.2632