0	0	1081.8437
0	1	1085.6883
0	2	1093.3773
0	3	1104.9104
0	4	1120.2873
0	5	1139.5073
0	6	1162.5697
0	7	1189.4736
0	8	1220.2179
0	9	1254.8016
0	10	1293.2232
0	11	1335.4814
0	12	1381.5744
0	13	1431.5006
0	14	1485.258
0	15	1542.8446
0	16	1604.2582
0	17	1669.4964
0	18	1738.5568
0	19	1811.4366
0	20	1888.1332
0	21	1968.6436
0	22	2052.9646
0	23	2141.0932
0	24	2233.0259
0	25	2328.7592
0	26	2428.2894
0	27	2531.6128
0	28	2638.7254
0	29	2749.6231
0	30	2864.3016
0	31	2982.7567
0	32	3104.9836
0	33	3230.9779
0	34	3360.7345
0	35	3494.2487
0	36	3631.5152
0	37	3772.5289
0	38	3917.2843
0	39	4065.7759
0	40	4217.9979
0	41	4373.9447
0	42	4533.6101
0	43	4696.9881
0	44	4864.0725
0	45	5034.8568
0	46	5209.3344
0	47	5387.4988
0	48	5569.343
0	49	5754.8601
0	50	5944.043
0	51	6136.8844
0	52	6333.3769
0	53	6533.513
0	54	6737.285
0	55	6944.6851
0	56	7155.7053
0	57	7370.3375
0	58	7588.5735
0	59	7810.4049
0	60	8035.8231
0	61	8264.8195
0	62	8497.3852
0	63	8733.5114
0	64	8973.189
0	65	9216.4087
0	66	9463.1611
0	67	9713.4368
0	68	9967.2261
0	69	10224.5192
0	70	10485.3063
0	71	10749.5772
0	72	11017.3217
0	73	11288.5296
0	74	11563.1904
0	75	11841.2934
0	76	12122.8279
0	77	12407.783
0	78	12696.1478
0	79	12987.911
0	80	13283.0614
0	81	13581.5875
0	82	13883.4778
0	83	14188.7205
0	84	14497.3039
0	85	14809.216
0	86	15124.4446
0	87	15442.9776
0	88	15764.8026
0	89	16089.9069
0	90	16418.2781
0	91	16749.9034
0	92	17084.7697
0	93	17422.8641
0	94	17764.1735
0	95	18108.6844
0	96	18456.3834
0	97	18807.2571
0	98	19161.2916
0	99	19518.4731
0	100	19878.7876
0	101	20242.2211
0	102	20608.7593
0	103	20978.3878
0	104	21351.0922
0	105	21726.8577
0	106	22105.6697
0	107	22487.5131
0	108	22872.3731
0	109	23260.2344
0	110	23651.0818
0	111	24044.8997
0	112	24441.6728
0	113	24841.3852
0	114	25244.0212
0	115	25649.5648
0	116	26057.9999
0	117	26469.3104
0	118	26883.4799
0	119	27300.492
0	120	27720.3299
0	121	28142.9771
0	122	28568.4166
0	123	28996.6315
0	124	29427.6046
0	125	29861.3187
0	126	30297.7565
0	127	30736.9003
0	128	31178.7326
0	129	31623.2355
0	130	32070.3913
0	131	32520.1818
0	132	32972.5889
0	133	33427.5942
0	134	33885.1795
0	135	34345.326
0	136	34808.0152
0	137	35273.2282
0	138	35740.946
0	139	36211.1496
0	140	36683.8197
0	141	37158.937
0	142	37636.4821
0	143	38116.4352
0	144	38598.7767
0	145	39083.4867
0	146	39570.5452
0	147	40059.9319
0	148	40551.6267
0	149	41045.6091
0	150	41541.8585
0	151	42040.3544
0	152	42541.0757
0	153	43044.0016
0	154	43549.111
0	155	44056.3826
0	156	44565.7951
0	157	45077.3269
0	158	45590.9564
0	159	46106.6617
0	160	46624.421
0	161	47144.2121
0	162	47666.0129
0	163	48189.8009
0	164	48715.5536
0	165	49243.2484
0	166	49772.8625
0	167	50304.3728
0	168	50837.7564
0	169	51372.99
0	170	51910.0501
0	171	52448.9131
0	172	52989.5555
0	173	53531.9532
0	174	54076.0823
0	175	54621.9186
0	176	55169.4378
0	177	55718.6153
0	178	56269.4266
0	179	56821.8466
0	180	57375.8506
0	181	57931.4132
0	182	58488.5093
0	183	59047.1132
0	184	59607.1993
0	185	60168.7417
0	186	60731.7144
0	187	61296.0912
0	188	61861.8457
0	189	62428.9513
0	190	62997.3812
0	191	63567.1086
0	192	64138.1061
0	193	64710.3465
0	194	65283.8022
0	195	65858.4455
0	196	66434.2483
0	197	67011.1826
0	198	67589.2199
0	199	68168.3316
0	200	68748.4888
0	201	69329.6626
0	202	69911.8237
0	203	70494.9424
0	204	71078.9891
0	205	71663.9337
0	206	72249.7459
0	207	72836.3953
0	208	73423.851
0	209	74012.0821
0	210	74601.0571
0	211	75190.7445
0	212	75781.1124
0	213	76372.1285
0	214	76963.7604
0	215	77555.9753
0	216	78148.74
0	217	78742.021
0	218	79335.7847
0	219	79929.9967
0	220	80524.6227
0	221	81119.6277
0	222	81714.9765
0	223	82310.6334
0	224	82906.5624
0	225	83502.727
0	226	84099.0903
0	227	84695.6149
0	228	85292.263
0	229	85888.9962
0	230	86485.7759
0	231	87082.5626
0	232	87679.3165
0	233	88275.9972
0	234	88872.5637
0	235	89468.9743
0	236	90065.1868
0	237	90661.1584
0	238	91256.8454
0	239	91852.2036
0	240	92447.1878
0	241	93041.7523
0	242	93635.8504
0	243	94229.4344
0	244	94822.4561
0	245	95414.8659
0	246	96006.6135
0	247	96597.6473
0	248	97187.9148
0	249	97777.3622
0	250	98365.9343
0	251	98953.5749
0	252	99540.2261
0	253	100125.8285
0	254	100710.3212
0	255	101293.6415
0	256	101875.7249
0	257	102456.5048
0	258	103035.9127
0	259	103613.8775
0	260	104190.3258
0	261	104765.1814
0	262	105338.3654
0	263	105909.7954
0	264	106479.3856
0	265	107047.0465
0	266	107612.6841
0	267	108176.2
0	268	108737.4904
0	269	109296.4456
0	270	109852.9497
0	271	110406.879
0	272	110958.1015
0	273	111506.4756
0	274	112051.8485
0	275	112594.0541
0	276	113132.9111
0	277	113668.2194
0	278	114199.7568
0	279	114727.2728
0	280	115250.482
0	281	115769.0531
0	282	116282.5932
0	283	116790.6218
0	284	117292.5263
0	285	117787.4653
0	286	118274.1291
0	287	118750.2173
0	288	119212.8021
1	0	3225.2672
1	1	3229.0769
1	2	3236.696
1	3	3248.1243
1	4	3263.3613
1	5	3282.4065
1	6	3305.2591
1	7	3331.9182
1	8	3362.3829
1	9	3396.6519
1	10	3434.724
1	11	3476.5976
1	12	3522.2711
1	13	3571.7428
1	14	3625.0108
1	15	3682.073
1	16	3742.9272
1	17	3807.5711
1	18	3876.0022
1	19	3948.2178
1	20	4024.2152
1	21	4103.9914
1	22	4187.5434
1	23	4274.8679
1	24	4365.9616
1	25	4460.8209
1	26	4559.4422
1	27	4661.8217
1	28	4767.9554
1	29	4877.8393
1	30	4991.4691
1	31	5108.8404
1	32	5229.9487
1	33	5354.7893
1	34	5483.3573
1	35	5615.648
1	36	5751.656
1	37	5891.3762
1	38	6034.8032
1	39	6181.9313
1	40	6332.7551
1	41	6487.2685
1	42	6645.4657
1	43	6807.3405
1	44	6972.8867
1	45	7142.0979
1	46	7314.9674
1	47	7491.4887
1	48	7671.6549
1	49	7855.459
1	50	8042.8939
1	51	8233.9524
1	52	8428.6271
1	53	8626.9103
1	54	8828.7945
1	55	9034.2718
1	56	9243.3342
1	57	9455.9737
1	58	9672.1819
1	59	9891.9506
1	60	10115.2711
1	61	10342.1348
1	62	10572.5329
1	63	10806.4564
1	64	11043.8963
1	65	11284.8434
1	66	11529.2881
1	67	11777.2212
1	68	12028.6328
1	69	12283.5133
1	70	12541.8526
1	71	12803.6408
1	72	13068.8677
1	73	13337.5228
1	74	13609.5958
1	75	13885.0759
1	76	14163.9526
1	77	14446.2148
1	78	14731.8515
1	79	15020.8517
1	80	15313.2039
1	81	15608.8968
1	82	15907.9188
1	83	16210.2581
1	84	16515.903
1	85	16824.8415
1	86	17137.0614
1	87	17452.5505
1	88	17771.2964
1	89	18093.2866
1	90	18418.5085
1	91	18746.9492
1	92	19078.5959
1	93	19413.4354
1	94	19751.4546
1	95	20092.6402
1	96	20436.9787
1	97	20784.4565
1	98	21135.0599
1	99	21488.7751
1	100	21845.5879
1	101	22205.4844
1	102	22568.4503
1	103	22934.4712
1	104	23303.5324
1	105	23675.6195
1	106	24050.7176
1	107	24428.8118
1	108	24809.8871
1	109	25193.9282
1	110	25580.9198
1	111	25970.8466
1	112	26363.6928
1	113	26759.4429
1	114	27158.0809
1	115	27559.5909
1	116	27963.9569
1	117	28371.1624
1	118	28781.1913
1	119	29194.0269
1	120	29609.6527
1	121	30028.0519
1	122	30449.2076
1	123	30873.1027
1	124	31299.7202
1	125	31729.0427
1	126	32161.0528
1	127	32595.7329
1	128	33033.0655
1	129	33473.0325
1	130	33915.6162
1	131	34360.7984
1	132	34808.561
1	133	35258.8855
1	134	35711.7535
1	135	36167.1463
1	136	36625.0453
1	137	37085.4316
1	138	37548.2861
1	139	38013.5897
1	140	38481.3232
1	141	38951.4671
1	142	39424.0018
1	143	39898.9077
1	144	40376.165
1	145	40855.7537
1	146	41337.6537
1	147	41821.8449
1	148	42308.3067
1	149	42797.0188
1	150	43287.9605
1	151	43781.111
1	152	44276.4494
1	153	44773.9546
1	154	45273.6054
1	155	45775.3806
1	156	46279.2586
1	157	46785.2178
1	158	47293.2364
1	159	47803.2925
1	160	48315.3641
1	161	48829.429
1	162	49345.4647
1	163	49863.4489
1	164	50383.3588
1	165	50905.1717
1	166	51428.8646
1	167	51954.4145
1	168	52481.798
1	169	53010.9918
1	170	53541.9723
1	171	54074.7157
1	172	54609.1983
1	173	55145.3959
1	174	55683.2843
1	175	56222.8393
1	176	56764.0362
1	177	57306.8504
1	178	57851.257
1	179	58397.2309
1	180	58944.747
1	181	59493.7798
1	182	60044.3039
1	183	60596.2934
1	184	61149.7224
1	185	61704.5649
1	186	62260.7945
1	187	62818.3847
1	188	63377.309
1	189	63937.5403
1	190	64499.0517
1	191	65061.8158
1	192	65625.8052
1	193	66190.9923
1	194	66757.349
1	195	67324.8473
1	196	67893.459
1	197	68463.1553
1	198	69033.9075
1	199	69605.6867
1	200	70178.4636
1	201	70752.2086
1	202	71326.8921
1	203	71902.484
1	204	72478.9541
1	205	73056.2719
1	206	73634.4065
1	207	74213.3271
1	208	74793.0021
1	209	75373.3999
1	210	75954.4887
1	211	76536.2361
1	212	77118.6097
1	213	77701.5766
1	214	78285.1035
1	215	78869.1569
1	216	79453.703
1	217	80038.7074
1	218	80624.1355
1	219	81209.9524
1	220	81796.1226
1	221	82382.6103
1	222	82969.3792
1	223	83556.3927
1	224	84143.6137
1	225	84731.0046
1	226	85318.5272
1	227	85906.143
1	228	86493.813
1	229	87081.4974
1	230	87669.156
1	231	88256.7481
1	232	88844.2322
1	233	89431.5662
1	234	90018.7076
1	235	90605.6128
1	236	91192.2377
1	237	91778.5375
1	238	92364.4664
1	239	92949.978
1	240	93535.0247
1	241	94119.5582
1	242	94703.5294
1	243	95286.8877
1	244	95869.5819
1	245	96451.5593
1	246	97032.7661
1	247	97613.1474
1	248	98192.6466
1	249	98771.2059
1	250	99348.7659
1	251	99925.2654
1	252	100500.6416
1	253	101074.8297
1	254	101647.7629
1	255	102219.3722
1	256	102789.5861
1	257	103358.3308
1	258	103925.5295
1	259	104491.1022
1	260	105054.966
1	261	105617.0339
1	262	106177.2151
1	263	106735.4143
1	264	107291.5313
1	265	107845.4603
1	266	108397.0893
1	267	108946.2994
1	268	109492.9637
1	269	110036.9461
1	270	110578.1
1	271	111116.2667
1	272	111651.273
1	273	112182.9284
1	274	112711.0218
1	275	113235.3164
1	276	113755.5437
1	277	114271.3939
1	278	114782.5029
1	279	115288.4323
1	280	115788.6353
1	281	116282.3951
1	282	116768.6899
1	283	117245.8343
1	284	117710.7251
1	285	118159.9102
2	0	5342.2377
2	1	5346.0124
2	2	5353.5616
2	3	5364.8851
2	4	5379.9823
2	5	5398.8528
2	6	5421.4958
2	7	5447.9103
2	8	5478.0954
2	9	5512.0499
2	10	5549.7725
2	11	5591.2617
2	12	5636.5159
2	13	5685.5334
2	14	5738.3121
2	15	5794.8502
2	16	5855.1453
2	17	5919.1951
2	18	5986.9972
2	19	6058.5489
2	20	6133.8474
2	21	6212.8898
2	22	6295.673
2	23	6382.1938
2	24	6472.4488
2	25	6566.4345
2	26	6664.1473
2	27	6765.5833
2	28	6870.7386
2	29	6979.6091
2	30	7092.1905
2	31	7208.4785
2	32	7328.4686
2	33	7452.156
2	34	7579.536
2	35	7710.6035
2	36	7845.3536
2	37	7983.7808
2	38	8125.8799
2	39	8271.6452
2	40	8421.0711
2	41	8574.1518
2	42	8730.8813
2	43	8891.2534
2	44	9055.262
2	45	9222.9006
2	46	9394.1626
2	47	9569.0414
2	48	9747.5301
2	49	9929.6219
2	50	10115.3094
2	51	10304.5856
2	52	10497.4429
2	53	10693.8739
2	54	10893.8708
2	55	11097.4259
2	56	11304.5311
2	57	11515.1784
2	58	11729.3595
2	59	11947.066
2	60	12168.2894
2	61	12393.021
2	62	12621.252
2	63	12852.9735
2	64	13088.1763
2	65	13326.8512
2	66	13568.9889
2	67	13814.5798
2	68	14063.6143
2	69	14316.0826
2	70	14571.9748
2	71	14831.2808
2	72	15093.9903
2	73	15360.0932
2	74	15629.5788
2	75	15902.4365
2	76	16178.6557
2	77	16458.2253
2	78	16741.1344
2	79	17027.3718
2	80	17316.9263
2	81	17609.7862
2	82	17905.9402
2	83	18205.3764
2	84	18508.083
2	85	18814.048
2	86	19123.2593
2	87	19435.7047
2	88	19751.3716
2	89	20070.2477
2	90	20392.3203
2	91	20717.5765
2	92	21046.0034
2	93	21377.5879
2	94	21712.3169
2	95	22050.177
2	96	22391.1546
2	97	22735.2364
2	98	23082.4083
2	99	23432.6567
2	100	23785.9675
2	101	24142.3265
2	102	24501.7195
2	103	24864.132
2	104	25229.5496
2	105	25597.9575
2	106	25969.3409
2	107	26343.685
2	108	26720.9745
2	109	27101.1944
2	110	27484.3292
2	111	27870.3635
2	112	28259.2817
2	113	28651.0681
2	114	29045.7067
2	115	29443.1816
2	116	29843.4767
2	117	30246.5756
2	118	30652.462
2	119	31061.1193
2	120	31472.5309
2	121	31886.68
2	122	32303.5496
2	123	32723.1226
2	124	33145.382
2	125	33570.3103
2	126	33997.89
2	127	34428.1036
2	128	34860.9334
2	129	35296.3615
2	130	35734.3699
2	131	36174.9404
2	132	36618.0548
2	133	37063.6947
2	134	37511.8415
2	135	37962.4767
2	136	38415.5813
2	137	38871.1365
2	138	39329.1232
2	139	39789.5221
2	140	40252.3139
2	141	40717.4792
2	142	41184.9983
2	143	41654.8514
2	144	42127.0188
2	145	42601.4802
2	146	43078.2156
2	147	43557.2047
2	148	44038.427
2	149	44521.8618
2	150	45007.4886
2	151	45495.2863
2	152	45985.2341
2	153	46477.3107
2	154	46971.4948
2	155	47467.765
2	156	47966.0996
2	157	48466.4771
2	158	48968.8754
2	159	49473.2725
2	160	49979.6463
2	161	50487.9744
2	162	50998.2344
2	163	51510.4035
2	164	52024.4591
2	165	52540.3782
2	166	53058.1376
2	167	53577.7142
2	168	54099.0844
2	169	54622.2249
2	170	55147.1117
2	171	55673.721
2	172	56202.0288
2	173	56732.0108
2	174	57263.6426
2	175	57796.8997
2	176	58331.7573
2	177	58868.1906
2	178	59406.1743
2	179	59945.6834
2	180	60486.6922
2	181	61029.1753
2	182	61573.1067
2	183	62118.4606
2	184	62665.2106
2	185	63213.3304
2	186	63762.7935
2	187	64313.573
2	188	64865.6421
2	189	65418.9734
2	190	65973.5396
2	191	66529.3132
2	192	67086.2662
2	193	67644.3706
2	194	68203.5982
2	195	68763.9205
2	196	69325.3087
2	197	69887.7339
2	198	70451.1668
2	199	71015.5781
2	200	71580.938
2	201	72147.2165
2	202	72714.3834
2	203	73282.4081
2	204	73851.26
2	205	74420.908
2	206	74991.3206
2	207	75562.4663
2	208	76134.313
2	209	76706.8286
2	210	77279.9803
2	211	77853.7353
2	212	78428.0603
2	213	79002.9217
2	214	79578.2854
2	215	80154.1172
2	216	80730.3823
2	217	81307.0455
2	218	81884.0713
2	219	82461.4238
2	220	83039.0664
2	221	83616.9624
2	222	84195.0744
2	223	84773.3646
2	224	85351.7946
2	225	85930.3257
2	226	86508.9183
2	227	87087.5327
2	228	87666.1281
2	229	88244.6634
2	230	88823.0969
2	231	89401.386
2	232	89979.4875
2	233	90557.3577
2	234	91134.9517
2	235	91712.2241
2	236	92289.1286
2	237	92865.6181
2	238	93441.6442
2	239	94017.158
2	240	94592.1093
2	241	95166.4468
2	242	95740.1181
2	243	96313.0696
2	244	96885.2464
2	245	97456.5922
2	246	98027.0491
2	247	98596.5578
2	248	99165.0573
2	249	99732.4847
2	250	100298.7753
2	251	100863.8622
2	252	101427.6764
2	253	101990.1463
2	254	102551.1978
2	255	103110.7539
2	256	103668.7345
2	257	104225.0562
2	258	104779.6315
2	259	105332.3693
2	260	105883.1734
2	261	106431.9429
2	262	106978.571
2	263	107522.9446
2	264	108064.9432
2	265	108604.4384
2	266	109141.2919
2	267	109675.3548
2	268	110206.4653
2	269	110734.4465
2	270	111259.1035
2	271	111780.2196
2	272	112297.551
2	273	112810.8202
2	274	113319.7061
2	275	113823.8297
2	276	114322.7323
2	277	114815.8395
2	278	115302.3946
2	279	115781.3166
2	280	116250.8178
2	281	116707.5235
2	282	117147.3355
3	0	7432.8281
3	1	7436.5678
3	2	7444.0472
3	3	7455.2658
3	4	7470.2234
3	5	7488.9192
3	6	7511.3526
3	7	7537.5226
3	8	7567.4283
3	9	7601.0684
3	10	7638.4417
3	11	7679.5467
3	12	7724.3817
3	13	7772.945
3	14	7825.2348
3	15	7881.2488
3	16	7940.9851
3	17	8004.4411
3	18	8071.6144
3	19	8142.5024
3	20	8217.1023
3	21	8295.4111
3	22	8377.4258
3	23	8463.1432
3	24	8552.5599
3	25	8645.6723
3	26	8742.4768
3	27	8842.9697
3	28	8947.1469
3	29	9055.0043
3	30	9166.5378
3	31	9281.7429
3	32	9400.6152
3	33	9523.1498
3	34	9649.3421
3	35	9779.187
3	36	9912.6794
3	37	10049.8141
3	38	10190.5857
3	39	10334.9886
3	40	10483.0172
3	41	10634.6655
3	42	10789.9277
3	43	10948.7977
3	44	11111.2691
3	45	11277.3355
3	46	11446.9905
3	47	11620.2273
3	48	11797.039
3	49	11977.4188
3	50	12161.3595
3	51	12348.8537
3	52	12539.8942
3	53	12734.4734
3	54	12932.5836
3	55	13134.2169
3	56	13339.3654
3	57	13548.021
3	58	13760.1754
3	59	13975.8202
3	60	14194.9469
3	61	14417.5468
3	62	14643.6112
3	63	14873.1309
3	64	15106.097
3	65	15342.5002
3	66	15582.3312
3	67	15825.5803
3	68	16072.238
3	69	16322.2945
3	70	16575.7398
3	71	16832.5638
3	72	17092.7564
3	73	17356.3072
3	74	17623.2057
3	75	17893.4412
3	76	18167.0031
3	77	18443.8804
3	78	18724.062
3	79	19007.5368
3	80	19294.2935
3	81	19584.3206
3	82	19877.6065
3	83	20174.1396
3	84	20473.9079
3	85	20776.8994
3	86	21083.102
3	87	21392.5035
3	88	21705.0914
3	89	22020.8531
3	90	22339.7761
3	91	22661.8475
3	92	22987.0543
3	93	23315.3834
3	94	23646.8217
3	95	23981.3558
3	96	24318.9721
3	97	24659.6571
3	98	25003.397
3	99	25350.1779
3	100	25699.9858
3	101	26052.8064
3	102	26408.6256
3	103	26767.4289
3	104	27129.2017
3	105	27493.9293
3	106	27861.5969
3	107	28232.1895
3	108	28605.692
3	109	28982.0892
3	110	29361.3657
3	111	29743.506
3	112	30128.4945
3	113	30516.3154
3	114	30906.9528
3	115	31300.3906
3	116	31696.6127
3	117	32095.6028
3	118	32497.3445
3	119	32901.8211
3	120	33309.016
3	121	33718.9123
3	122	34131.4931
3	123	34546.7412
3	124	34964.6394
3	125	35385.1703
3	126	35808.3164
3	127	36234.0601
3	128	36662.3836
3	129	37093.269
3	130	37526.6981
3	131	37962.6529
3	132	38401.115
3	133	38842.066
3	134	39285.4872
3	135	39731.3599
3	136	40179.6653
3	137	40630.3844
3	138	41083.4979
3	139	41538.9867
3	140	41996.8312
3	141	42457.012
3	142	42919.5094
3	143	43384.3035
3	144	43851.3743
3	145	44320.7017
3	146	44792.2655
3	147	45266.0452
3	148	45742.0204
3	149	46220.1703
3	150	46700.4741
3	151	47182.9107
3	152	47667.4592
3	153	48154.0982
3	154	48642.8064
3	155	49133.562
3	156	49626.3436
3	157	50121.1291
3	158	50617.8965
3	159	51116.6238
3	160	51617.2886
3	161	52119.8683
3	162	52624.3405
3	163	53130.6823
3	164	53638.8707
3	165	54148.8827
3	166	54660.6951
3	167	55174.2843
3	168	55689.6268
3	169	56206.6988
3	170	56725.4765
3	171	57245.9358
3	172	57768.0523
3	173	58291.8017
3	174	58817.1593
3	175	59344.1004
3	176	59872.6
3	177	60402.633
3	178	60934.1741
3	179	61467.1977
3	180	62001.6781
3	181	62537.5895
3	182	63074.9058
3	183	63613.6006
3	184	64153.6476
3	185	64695.0201
3	186	65237.6911
3	187	65781.6335
3	188	66326.8201
3	189	66873.2233
3	190	67420.8154
3	191	67969.5684
3	192	68519.4541
3	193	69070.444
3	194	69622.5096
3	195	70175.6218
3	196	70729.7516
3	197	71284.8694
3	198	71840.9457
3	199	72397.9504
3	200	72955.8534
3	201	73514.6242
3	202	74074.2319
3	203	74634.6457
3	204	75195.8339
3	205	75757.7651
3	206	76320.4072
3	207	76883.7278
3	208	77447.6945
3	209	78012.2741
3	210	78577.4333
3	211	79143.1385
3	212	79709.3555
3	213	80276.05
3	214	80843.187
3	215	81410.7313
3	216	81978.6472
3	217	82546.8986
3	218	83115.4489
3	219	83684.261
3	220	84253.2974
3	221	84822.5202
3	222	85391.8906
3	223	85961.3696
3	224	86530.9175
3	225	87100.494
3	226	87670.0583
3	227	88239.5688
3	228	88808.9833
3	229	89378.259
3	230	89947.3521
3	231	90516.2184
3	232	91084.8125
3	233	91653.0885
3	234	92220.9994
3	235	92788.4974
3	236	93355.5335
3	237	93922.058
3	238	94488.0197
3	239	95053.3666
3	240	95618.0453
3	241	96182.0011
3	242	96745.1779
3	243	97307.5182
3	244	97868.9628
3	245	98429.451
3	246	98988.92
3	247	99547.3054
3	248	100104.5404
3	249	100660.5563
3	250	101215.2815
3	251	101768.6421
3	252	102320.5613
3	253	102870.959
3	254	103419.7517
3	255	103966.8524
3	256	104512.1695
3	257	105055.607
3	258	105597.0639
3	259	106136.4332
3	260	106673.6015
3	261	107208.4481
3	262	107740.844
3	263	108270.6507
3	264	108797.7184
3	265	109321.8846
3	266	109842.9713
3	267	110360.7824
3	268	110875.0998
3	269	111385.678
3	270	111892.2374
3	271	112394.4545
3	272	112891.9476
3	273	113384.2556
3	274	113870.8021
3	275	114350.8334
3	276	114823.2861
3	277	115286.4461
3	278	115737.0604
3	279	116170.3888
4	0	9497.1096
4	1	9500.8145
4	2	9508.224
4	3	9519.3379
4	4	9534.1557
4	5	9552.677
4	6	9574.9008
4	7	9600.8264
4	8	9630.4527
4	9	9663.7786
4	10	9700.8027
4	11	9741.5235
4	12	9785.9395
4	13	9834.0489
4	14	9885.8498
4	15	9941.3401
4	16	10000.5176
4	17	10063.38
4	18	10129.9247
4	19	10200.1493
4	20	10274.0507
4	21	10351.6262
4	22	10432.8727
4	23	10517.7869
4	24	10606.3655
4	25	10698.6049
4	26	10794.5014
4	27	10894.0514
4	28	10997.2508
4	29	11104.0955
4	30	11214.5814
4	31	11328.7039
4	32	11446.4586
4	33	11567.8408
4	34	11692.8457
4	35	11821.4682
4	36	11953.7034
4	37	12089.5459
4	38	12228.9903
4	39	12372.0312
4	40	12518.6627
4	41	12668.8791
4	42	12822.6744
4	43	12980.0425
4	44	13140.9771
4	45	13305.4718
4	46	13473.52
4	47	13645.1151
4	48	13820.2503
4	49	13998.9184
4	50	14181.1125
4	51	14366.8253
4	52	14556.0493
4	53	14748.777
4	54	14945.0007
4	55	15144.7126
4	56	15347.9046
4	57	15554.5688
4	58	15764.6968
4	59	15978.2802
4	60	16195.3105
4	61	16415.779
4	62	16639.6769
4	63	16866.9952
4	64	17097.7249
4	65	17331.8566
4	66	17569.381
4	67	17810.2885
4	68	18054.5696
4	69	18302.2144
4	70	18553.2129
4	71	18807.5551
4	72	19065.2308
4	73	19326.2296
4	74	19590.541
4	75	19858.1543
4	76	20129.0589
4	77	20403.2437
4	78	20680.6978
4	79	20961.4099
4	80	21245.3687
4	81	21532.5628
4	82	21822.9805
4	83	22116.6102
4	84	22413.4399
4	85	22713.4576
4	86	23016.6511
4	87	23323.0083
4	88	23632.5166
4	89	23945.1636
4	90	24260.9364
4	91	24579.8224
4	92	24901.8084
4	93	25226.8815
4	94	25555.0283
4	95	25886.2356
4	96	26220.4897
4	97	26557.7771
4	98	26898.0839
4	99	27241.3962
4	100	27587.7001
4	101	27936.9813
4	102	28289.2254
4	103	28644.4181
4	104	29002.5447
4	105	29363.5905
4	106	29727.5407
4	107	30094.3802
4	108	30464.094
4	109	30836.6667
4	110	31212.0829
4	111	31590.3272
4	112	31971.3838
4	113	32355.237
4	114	32741.8708
4	115	33131.2691
4	116	33523.4158
4	117	33918.2944
4	118	34315.8885
4	119	34716.1815
4	120	35119.1567
4	121	35524.7971
4	122	35933.0858
4	123	36344.0055
4	124	36757.539
4	125	37173.6689
4	126	37592.3775
4	127	38013.6473
4	128	38437.4603
4	129	38863.7987
4	130	39292.6442
4	131	39723.9786
4	132	40157.7836
4	133	40594.0406
4	134	41032.7309
4	135	41473.8359
4	136	41917.3364
4	137	42363.2135
4	138	42811.4479
4	139	43262.0203
4	140	43714.9112
4	141	44170.1009
4	142	44627.5697
4	143	45087.2975
4	144	45549.2645
4	145	46013.4503
4	146	46479.8345
4	147	46948.3968
4	148	47419.1164
4	149	47891.9726
4	150	48366.9444
4	151	48844.0107
4	152	49323.1503
4	153	49804.3418
4	154	50287.5637
4	155	50772.7943
4	156	51260.0117
4	157	51749.194
4	158	52240.319
4	159	52733.3643
4	160	53228.3076
4	161	53725.1262
4	162	54223.7974
4	163	54724.2981
4	164	55226.6053
4	165	55730.6957
4	166	56236.5459
4	167	56744.1323
4	168	57253.4311
4	169	57764.4183
4	170	58277.0699
4	171	58791.3615
4	172	59307.2686
4	173	59824.7667
4	174	60343.8309
4	175	60864.4362
4	176	61386.5574
4	177	61910.169
4	178	62435.2456
4	179	62961.7613
4	180	63489.6901
4	181	64019.006
4	182	64549.6825
4	183	65081.693
4	184	65615.0107
4	185	66149.6087
4	186	66685.4597
4	187	67222.5362
4	188	67760.8107
4	189	68300.2551
4	190	68840.8415
4	191	69382.5413
4	192	69925.326
4	193	70469.1667
4	194	71014.0344
4	195	71559.8995
4	196	72106.7326
4	197	72654.5036
4	198	73203.1824
4	199	73752.7385
4	200	74303.1412
4	201	74854.3594
4	202	75406.3616
4	203	75959.1163
4	204	76512.5915
4	205	77066.7546
4	206	77621.5732
4	207	78177.0142
4	208	78733.0441
4	209	79289.6292
4	210	79846.7354
4	211	80404.328
4	212	80962.3722
4	213	81520.8325
4	214	82079.6732
4	215	82638.8579
4	216	83198.35
4	217	83758.1121
4	218	84318.1066
4	219	84878.2952
4	220	85438.639
4	221	85999.0988
4	222	86559.6346
4	223	87120.2057
4	224	87680.771
4	225	88241.2886
4	226	88801.716
4	227	89362.0097
4	228	89922.1257
4	229	90482.0192
4	230	91041.6445
4	231	91600.9548
4	232	92159.9027
4	233	92718.4396
4	234	93276.516
4	235	93834.0813
4	236	94391.0836
4	237	94947.4698
4	238	95503.1857
4	239	96058.1754
4	240	96612.3819
4	241	97165.7462
4	242	97718.208
4	243	98269.705
4	244	98820.1729
4	245	99369.5455
4	246	99917.7542
4	247	100464.728
4	248	101010.3933
4	249	101554.6737
4	250	102097.4894
4	251	102638.7575
4	252	103178.3911
4	253	103716.2993
4	254	104252.3864
4	255	104786.5518
4	256	105318.6889
4	257	105848.6851
4	258	106376.4199
4	259	106901.7651
4	260	107424.5826
4	261	107944.7235
4	262	108462.0259
4	263	108976.313
4	264	109487.3897
4	265	109995.0394
4	266	110499.0185
4	267	110999.0501
4	268	111494.8144
4	269	111985.9354
4	270	112471.9605
4	271	112952.3282
4	272	113426.3117
4	273	113892.9066
4	274	114350.5541
4	275	114796.3673
4	276	115225.3681
5	0	1125.3681